orig_id  new_id
0  -1
1  92173
2  -1
3  92174
4  92175
5  -1
6  -1
7  -1
8  -1
9  -1
10  -1
11  92176
12  -1
13  92177
14  92178
15  -1
16  -1
17  -1
18  92179
19  -1
20  92180
21  -1
22  -1
23  -1
24  92181
25  -1
26  -1
27  92182
28  -1
29  -1
30  -1
31  92183
32  -1
33  -1
34  -1
35  -1
36  -1
37  -1
38  92184
39  -1
40  -1
41  -1
42  92185
43  92186
44  -1
45  -1
46  -1
47  92187
48  92188
49  -1
50  92189
51  -1
52  92190
53  92191
54  -1
55  92192
56  -1
57  -1
58  -1
59  -1
60  92193
61  -1
62  -1
63  -1
64  -1
65  -1
66  -1
67  -1
68  -1
69  -1
70  -1
71  -1
72  -1
73  -1
74  -1
75  92194
76  -1
77  -1
78  -1
79  -1
80  92195
81  92196
82  -1
83  -1
84  -1
85  92197
86  -1
87  -1
88  -1
89  -1
90  92198
91  92199
92  -1
93  -1
94  -1
95  -1
96  -1
97  -1
98  -1
99  -1
100  -1
101  -1
102  -1
103  -1
104  92200
105  -1
106  -1
107  92201
108  -1
109  -1
110  92202
111  -1
112  -1
113  92203
114  -1
115  -1
116  -1
117  -1
118  -1
119  92204
120  -1
121  92205
122  -1
123  -1
124  -1
125  -1
126  -1
127  -1
128  -1
129  -1
130  -1
131  92206
132  -1
133  -1
134  -1
135  -1
136  92207
137  92208
138  -1
139  -1
140  -1
141  -1
142  -1
143  -1
144  -1
145  92209
146  -1
147  -1
148  -1
149  -1
150  -1
151  92210
152  92211
153  -1
154  92212
155  -1
156  -1
157  -1
158  -1
159  -1
160  -1
161  -1
162  92213
163  -1
164  -1
165  -1
166  -1
167  92214
168  -1
169  -1
170  92215
171  -1
172  92216
173  92217
174  -1
175  -1
176  -1
177  -1
178  -1
179  92218
180  -1
181  92219
182  92220
183  -1
184  -1
185  -1
186  92221
187  -1
188  -1
189  -1
190  -1
191  -1
192  92222
193  92223
194  92224
195  -1
196  -1
197  92225
198  -1
199  -1
200  -1
201  -1
202  92226
203  -1
204  -1
205  -1
206  -1
207  92227
208  -1
209  92228
210  -1
211  -1
212  -1
213  -1
214  -1
215  -1
216  -1
217  92229
218  -1
219  -1
220  -1
221  -1
222  -1
223  92230
224  -1
225  92231
226  -1
227  -1
228  -1
229  -1
230  -1
231  92232
232  -1
233  -1
234  -1
235  -1
236  -1
237  92233
238  -1
239  -1
240  -1
241  92234
242  -1
243  -1
244  -1
245  -1
246  -1
247  -1
248  -1
249  -1
250  -1
251  -1
252  92235
253  92236
254  -1
255  -1
256  92237
257  -1
258  -1
259  -1
260  -1
261  -1
262  92238
263  -1
264  -1
265  -1
266  92239
267  92240
268  -1
269  -1
270  -1
271  -1
272  92241
273  -1
274  -1
275  -1
276  92242
277  -1
278  -1
279  92243
280  -1
281  -1
282  92244
283  92245
284  92246
285  92247
286  -1
287  -1
288  -1
289  92248
290  92249
291  -1
292  -1
293  -1
294  92250
295  -1
296  92251
297  -1
298  -1
299  -1
300  -1
301  92252
302  -1
303  -1
304  -1
305  -1
306  92253
307  -1
308  -1
309  -1
310  -1
311  -1
312  -1
313  92254
314  -1
315  92255
316  -1
317  -1
318  92256
319  -1
320  -1
321  -1
322  -1
323  -1
324  -1
325  92257
326  -1
327  -1
328  92258
329  92259
330  -1
331  92260
332  -1
333  -1
334  -1
335  -1
336  -1
337  92261
338  92262
339  92263
340  -1
341  -1
342  -1
343  -1
344  -1
345  -1
346  -1
347  92264
348  -1
349  -1
350  -1
351  92265
352  -1
353  -1
354  -1
355  -1
356  -1
357  -1
358  -1
359  -1
360  -1
361  92266
362  -1
363  92267
364  92268
365  -1
366  -1
367  -1
368  92269
369  -1
370  -1
371  92270
372  -1
373  -1
374  -1
375  -1
376  -1
377  92271
378  92272
379  92273
380  -1
381  -1
382  92274
383  -1
384  -1
385  92275
386  -1
387  -1
388  92276
389  -1
390  -1
391  -1
392  -1
393  -1
394  92277
395  -1
396  -1
397  -1
398  92278
399  -1
400  -1
401  -1
402  92279
403  -1
404  92280
405  -1
406  92281
407  -1
408  -1
409  -1
410  -1
411  -1
412  -1
413  -1
414  92282
415  92283
416  92284
417  -1
418  -1
419  92285
420  92286
421  92287
422  -1
423  92288
424  -1
425  -1
426  92289
427  -1
428  -1
429  -1
430  -1
431  -1
432  -1
433  -1
434  -1
435  92290
436  -1
437  92291
438  -1
439  -1
440  92292
441  -1
442  -1
443  92293
444  92294
445  -1
446  -1
447  -1
448  -1
449  -1
450  -1
451  -1
452  92295
453  -1
454  -1
455  92296
456  -1
457  -1
458  92297
459  -1
460  -1
461  92298
462  -1
463  92299
464  -1
465  -1
466  -1
467  -1
468  -1
469  92300
470  -1
471  -1
472  -1
473  92301
474  92302
475  92303
476  92304
477  -1
478  -1
479  -1
480  -1
481  -1
482  -1
483  -1
484  -1
485  -1
486  92305
487  92306
488  92307
489  -1
490  -1
491  -1
492  92308
493  92309
494  92310
495  -1
496  -1
497  -1
498  -1
499  -1
500  -1
501  -1
502  -1
503  -1
504  92311
505  92312
506  -1
507  -1
508  -1
509  92313
510  -1
511  -1
512  -1
513  -1
514  -1
515  -1
516  92314
517  92315
518  -1
519  -1
520  -1
521  92316
522  -1
523  92317
524  92318
525  -1
526  -1
527  92319
528  92320
529  -1
530  92321
531  92322
532  -1
533  -1
534  -1
535  -1
536  -1
537  -1
538  -1
539  -1
540  -1
541  -1
542  -1
543  -1
544  -1
545  92323
546  92324
547  -1
548  -1
549  -1
550  92325
551  -1
552  92326
553  -1
554  92327
555  -1
556  -1
557  -1
558  92328
559  -1
560  92329
561  -1
562  -1
563  -1
564  -1
565  -1
566  -1
567  -1
568  -1
569  -1
570  -1
571  -1
572  -1
573  92330
574  92331
575  -1
576  -1
577  92332
578  92333
579  92334
580  -1
581  -1
582  92335
583  92336
584  -1
585  92337
586  -1
587  -1
588  -1
589  92338
590  -1
591  -1
592  -1
593  -1
594  -1
595  -1
596  -1
597  -1
598  -1
599  -1
600  92339
601  -1
602  -1
603  -1
604  92340
605  92341
606  -1
607  -1
608  -1
609  -1
610  92342
611  92343
612  -1
613  -1
614  92344
615  -1
616  -1
617  -1
618  -1
619  -1
620  92345
621  92346
622  -1
623  -1
624  -1
625  -1
626  92347
627  -1
628  92348
629  -1
630  92349
631  92350
632  -1
633  -1
634  -1
635  -1
636  -1
637  -1
638  92351
639  -1
640  -1
641  -1
642  92352
643  -1
644  92353
645  -1
646  92354
647  -1
648  92355
649  -1
650  -1
651  -1
652  92356
653  92357
654  -1
655  92358
656  -1
657  -1
658  -1
659  -1
660  -1
661  -1
662  -1
663  -1
664  -1
665  92359
666  -1
667  -1
668  -1
669  -1
670  -1
671  -1
672  -1
673  -1
674  -1
675  -1
676  -1
677  92360
678  92361
679  -1
680  -1
681  92362
682  92363
683  92364
684  -1
685  -1
686  -1
687  92365
688  -1
689  92366
690  92367
691  92368
692  -1
693  -1
694  92369
695  -1
696  92370
697  -1
698  -1
699  -1
700  92371
701  -1
702  -1
703  92372
704  92373
705  92374
706  92375
707  -1
708  92376
709  -1
710  92377
711  -1
712  92378
713  -1
714  -1
715  -1
716  92379
717  -1
718  92380
719  -1
720  -1
721  92381
722  -1
723  -1
724  -1
725  -1
726  -1
727  -1
728  -1
729  -1
730  92382
731  -1
732  -1
733  -1
734  92383
735  92384
736  92385
737  -1
738  -1
739  92386
740  -1
741  -1
742  -1
743  -1
744  92387
745  92388
746  -1
747  92389
748  -1
749  -1
750  -1
751  -1
752  -1
753  -1
754  92390
755  92391
756  -1
757  -1
758  -1
759  92392
760  92393
761  -1
762  -1
763  -1
764  -1
765  -1
766  -1
767  -1
768  -1
769  -1
770  92394
771  -1
772  -1
773  92395
774  -1
775  -1
776  -1
777  92396
778  -1
779  -1
780  -1
781  92397
782  92398
783  92399
784  92400
785  -1
786  -1
787  -1
788  92401
789  -1
790  -1
791  -1
792  -1
793  -1
794  -1
795  -1
796  92402
797  92403
798  92404
799  -1
800  92405
801  -1
802  -1
803  -1
804  -1
805  -1
806  -1
807  92406
808  -1
809  92407
810  -1
811  -1
812  -1
813  92408
814  -1
815  -1
816  -1
817  -1
818  92409
819  92410
820  -1
821  -1
822  92411
823  -1
824  -1
825  -1
826  -1
827  -1
828  -1
829  -1
830  -1
831  92412
832  -1
833  -1
834  -1
835  92413
836  -1
837  92414
838  -1
839  -1
840  92415
841  92416
842  92417
843  -1
844  -1
845  92418
846  -1
847  -1
848  -1
849  -1
850  -1
851  -1
852  -1
853  -1
854  92419
855  92420
856  -1
857  -1
858  92421
859  -1
860  -1
861  92422
862  92423
863  -1
864  92424
865  -1
866  -1
867  -1
868  -1
869  -1
870  92425
871  -1
872  -1
873  -1
874  92426
875  -1
876  92427
877  -1
878  92428
879  -1
880  -1
881  -1
882  -1
883  92429
884  -1
885  -1
886  92430
887  92431
888  -1
889  -1
890  -1
891  92432
892  -1
893  -1
894  -1
895  -1
896  92433
897  -1
898  -1
899  -1
900  -1
901  -1
902  92434
903  92435
904  92436
905  -1
906  -1
907  -1
908  92437
909  92438
910  -1
911  -1
912  -1
913  92439
914  -1
915  -1
916  -1
917  -1
918  -1
919  -1
920  -1
921  -1
922  92440
923  -1
924  -1
925  92441
926  92442
927  -1
928  92443
929  -1
930  -1
931  -1
932  -1
933  -1
934  92444
935  -1
936  -1
937  -1
938  92445
939  92446
940  -1
941  -1
942  92447
943  -1
944  -1
945  -1
946  -1
947  -1
948  -1
949  92448
950  -1
951  92449
952  92450
953  -1
954  -1
955  -1
956  -1
957  -1
958  -1
959  -1
960  92451
961  -1
962  92452
963  92453
964  -1
965  92454
966  -1
967  -1
968  92455
969  92456
970  -1
971  -1
972  -1
973  -1
974  92457
975  92458
976  92459
977  -1
978  -1
979  -1
980  -1
981  -1
982  -1
983  -1
984  92460
985  92461
986  -1
987  -1
988  92462
989  -1
990  -1
991  92463
992  -1
993  -1
994  -1
995  -1
996  -1
997  92464
998  -1
999  92465
1000  -1
1001  92466
1002  -1
1003  92467
1004  -1
1005  -1
1006  -1
1007  -1
1008  92468
1009  -1
1010  92469
1011  -1
1012  -1
1013  -1
1014  92470
1015  -1
1016  -1
1017  -1
1018  -1
1019  92471
1020  -1
1021  92472
1022  92473
1023  92474
1024  -1
1025  -1
1026  -1
1027  -1
1028  -1
1029  92475
1030  92476
1031  92477
1032  92478
1033  92479
1034  -1
1035  -1
1036  -1
1037  -1
1038  -1
1039  -1
1040  -1
1041  -1
1042  92480
1043  -1
1044  -1
1045  -1
1046  -1
1047  -1
1048  -1
1049  -1
1050  -1
1051  -1
1052  92481
1053  -1
1054  -1
1055  92482
1056  -1
1057  -1
1058  -1
1059  -1
1060  -1
1061  -1
1062  92483
1063  92484
1064  -1
1065  92485
1066  -1
1067  92486
1068  -1
1069  -1
1070  -1
1071  -1
1072  92487
1073  -1
1074  -1
1075  -1
1076  92488
1077  -1
1078  -1
1079  -1
1080  92489
1081  -1
1082  92490
1083  -1
1084  -1
1085  -1
1086  -1
1087  92491
1088  -1
1089  -1
1090  -1
1091  -1
1092  -1
1093  -1
1094  -1
1095  -1
1096  92492
1097  92493
1098  -1
1099  -1
1100  -1
1101  -1
1102  -1
1103  92494
1104  -1
1105  -1
1106  -1
1107  -1
1108  -1
1109  -1
1110  92495
1111  -1
1112  92496
1113  -1
1114  -1
1115  -1
1116  92497
1117  -1
1118  92498
1119  92499
1120  -1
1121  -1
1122  -1
1123  92500
1124  92501
1125  92502
1126  -1
1127  -1
1128  -1
1129  92503
1130  -1
1131  92504
1132  -1
1133  -1
1134  -1
1135  -1
1136  -1
1137  -1
1138  -1
1139  92505
1140  -1
1141  92506
1142  -1
1143  -1
1144  -1
1145  -1
1146  -1
1147  92507
1148  -1
1149  -1
1150  -1
1151  92508
1152  92509
1153  92510
1154  -1
1155  -1
1156  92511
1157  -1
1158  -1
1159  -1
1160  -1
1161  -1
1162  92512
1163  92513
1164  -1
1165  -1
1166  -1
1167  92514
1168  92515
1169  92516
1170  -1
1171  -1
1172  -1
1173  -1
1174  -1
1175  92517
1176  -1
1177  -1
1178  92518
1179  92519
1180  92520
1181  -1
1182  -1
1183  92521
1184  -1
1185  -1
1186  92522
1187  -1
1188  -1
1189  -1
1190  92523
1191  92524
1192  -1
1193  -1
1194  -1
1195  92525
1196  92526
1197  92527
1198  92528
1199  -1
1200  -1
1201  -1
1202  -1
1203  -1
1204  -1
1205  92529
1206  -1
1207  92530
1208  92531
1209  92532
1210  -1
1211  92533
1212  -1
1213  -1
1214  92534
1215  -1
1216  -1
1217  -1
1218  92535
1219  92536
1220  -1
1221  -1
1222  -1
1223  -1
1224  92537
1225  -1
1226  92538
1227  -1
1228  -1
1229  92539
1230  92540
1231  -1
1232  -1
1233  -1
1234  -1
1235  -1
1236  92541
1237  -1
1238  92542
1239  92543
1240  -1
1241  -1
1242  -1
1243  92544
1244  92545
1245  -1
1246  92546
1247  -1
1248  -1
1249  -1
1250  -1
1251  92547
1252  92548
1253  92549
1254  -1
1255  92550
1256  -1
1257  -1
1258  92551
1259  92552
1260  -1
1261  -1
1262  -1
1263  -1
1264  92553
1265  -1
1266  92554
1267  92555
1268  -1
1269  -1
1270  -1
1271  -1
1272  -1
1273  92556
1274  92557
1275  -1
1276  -1
1277  92558
1278  -1
1279  -1
1280  -1
1281  -1
1282  -1
1283  -1
1284  -1
1285  -1
1286  -1
1287  92559
1288  92560
1289  -1
1290  -1
1291  92561
1292  -1
1293  92562
1294  -1
1295  -1
1296  -1
1297  -1
1298  92563
1299  -1
1300  -1
1301  92564
1302  -1
1303  -1
1304  -1
1305  92565
1306  -1
1307  -1
1308  -1
1309  -1
1310  92566
1311  92567
1312  -1
1313  92568
1314  92569
1315  -1
1316  -1
1317  -1
1318  -1
1319  -1
1320  92570
1321  -1
1322  92571
1323  -1
1324  92572
1325  92573
1326  -1
1327  -1
1328  92574
1329  -1
1330  92575
1331  -1
1332  -1
1333  92576
1334  -1
1335  -1
1336  -1
1337  -1
1338  -1
1339  92577
1340  -1
1341  -1
1342  92578
1343  92579
1344  -1
1345  92580
1346  92581
1347  -1
1348  -1
1349  92582
1350  -1
1351  -1
1352  -1
1353  -1
1354  92583
1355  92584
1356  -1
1357  -1
1358  92585
1359  -1
1360  92586
1361  -1
1362  92587
1363  -1
1364  92588
1365  92589
1366  -1
1367  92590
1368  -1
1369  -1
1370  -1
1371  -1
1372  92591
1373  -1
1374  92592
1375  92593
1376  92594
1377  92595
1378  92596
1379  92597
1380  92598
1381  92599
1382  -1
1383  -1
1384  92600
1385  92601
1386  92602
1387  -1
1388  -1
1389  -1
1390  -1
1391  -1
1392  -1
1393  -1
1394  -1
1395  -1
1396  -1
1397  -1
1398  -1
1399  -1
1400  -1
1401  -1
1402  92603
1403  -1
1404  -1
1405  92604
1406  -1
1407  -1
1408  92605
1409  92606
1410  -1
1411  -1
1412  -1
1413  -1
1414  -1
1415  -1
1416  -1
1417  -1
1418  92607
1419  -1
1420  -1
1421  92608
1422  -1
1423  92609
1424  -1
1425  -1
1426  92610
1427  -1
1428  -1
1429  92611
1430  92612
1431  -1
1432  -1
1433  -1
1434  -1
1435  -1
1436  92613
1437  92614
1438  -1
1439  92615
1440  92616
1441  -1
1442  -1
1443  -1
1444  -1
1445  -1
1446  92617
1447  -1
1448  -1
1449  92618
1450  -1
1451  92619
1452  92620
1453  -1
1454  -1
1455  -1
1456  -1
1457  92621
1458  92622
1459  -1
1460  92623
1461  92624
1462  -1
1463  -1
1464  -1
1465  -1
1466  -1
1467  92625
1468  92626
1469  -1
1470  -1
1471  -1
1472  92627
1473  -1
1474  -1
1475  -1
1476  -1
1477  -1
1478  -1
1479  -1
1480  -1
1481  -1
1482  -1
1483  -1
1484  92628
1485  -1
1486  92629
1487  92630
1488  92631
1489  -1
1490  -1
1491  92632
1492  92633
1493  -1
1494  -1
1495  -1
1496  -1
1497  -1
1498  92634
1499  -1
1500  -1
1501  -1
1502  -1
1503  -1
1504  -1
1505  92635
1506  -1
1507  92636
1508  -1
1509  92637
1510  -1
1511  92638
1512  92639
1513  -1
1514  -1
1515  -1
1516  92640
1517  92641
1518  92642
1519  -1
1520  -1
1521  -1
1522  -1
1523  -1
1524  -1
1525  -1
1526  92643
1527  -1
1528  92644
1529  -1
1530  92645
1531  -1
1532  92646
1533  -1
1534  -1
1535  92647
1536  92648
1537  -1
1538  92649
1539  -1
1540  -1
1541  -1
1542  -1
1543  -1
1544  92650
1545  -1
1546  -1
1547  92651
1548  92652
1549  -1
1550  -1
1551  -1
1552  -1
1553  92653
1554  92654
1555  -1
1556  -1
1557  92655
1558  -1
1559  -1
1560  92656
1561  -1
1562  92657
1563  -1
1564  92658
1565  92659
1566  -1
1567  92660
1568  -1
1569  -1
1570  -1
1571  92661
1572  -1
1573  -1
1574  -1
1575  92662
1576  -1
1577  -1
1578  92663
1579  -1
1580  -1
1581  -1
1582  -1
1583  -1
1584  92664
1585  -1
1586  92665
1587  -1
1588  -1
1589  -1
1590  92666
1591  -1
1592  -1
1593  -1
1594  -1
1595  92667
1596  92668
1597  92669
1598  92670
1599  -1
1600  -1
1601  92671
1602  -1
1603  -1
1604  -1
1605  -1
1606  -1
1607  -1
1608  -1
1609  92672
1610  -1
1611  -1
1612  -1
1613  92673
1614  -1
1615  -1
1616  92674
1617  92675
1618  92676
1619  92677
1620  92678
1621  -1
1622  -1
1623  92679
1624  -1
1625  92680
1626  -1
1627  -1
1628  92681
1629  -1
1630  -1
1631  -1
1632  -1
1633  -1
1634  -1
1635  -1
1636  92682
1637  -1
1638  -1
1639  -1
1640  -1
1641  92683
1642  -1
1643  -1
1644  -1
1645  -1
1646  92684
1647  -1
1648  -1
1649  -1
1650  -1
1651  92685
1652  92686
1653  -1
1654  -1
1655  -1
1656  92687
1657  92688
1658  -1
1659  92689
1660  -1
1661  -1
1662  92690
1663  -1
1664  -1
1665  92691
1666  -1
1667  -1
1668  -1
1669  92692
1670  92693
1671  -1
1672  -1
1673  -1
1674  92694
1675  -1
1676  92695
1677  -1
1678  92696
1679  -1
1680  92697
1681  -1
1682  -1
1683  -1
1684  -1
1685  -1
1686  92698
1687  92699
1688  -1
1689  -1
1690  92700
1691  92701
1692  92702
1693  -1
1694  92703
1695  -1
1696  -1
1697  92704
1698  -1
1699  92705
1700  -1
1701  92706
1702  92707
1703  -1
1704  -1
1705  -1
1706  -1
1707  -1
1708  92708
1709  -1
1710  -1
1711  -1
1712  92709
1713  -1
1714  -1
1715  -1
1716  92710
1717  -1
1718  -1
1719  92711
1720  -1
1721  92712
1722  -1
1723  -1
1724  92713
1725  -1
1726  -1
1727  -1
1728  -1
1729  92714
1730  -1
1731  -1
1732  -1
1733  92715
1734  92716
1735  92717
1736  -1
1737  -1
1738  -1
1739  -1
1740  -1
1741  -1
1742  -1
1743  92718
1744  -1
1745  92719
1746  -1
1747  -1
1748  -1
1749  92720
1750  92721
1751  92722
1752  -1
1753  92723
1754  -1
1755  -1
1756  -1
1757  92724
1758  -1
1759  -1
1760  -1
1761  -1
1762  92725
1763  -1
1764  92726
1765  -1
1766  92727
1767  -1
1768  -1
1769  92728
1770  -1
1771  92729
1772  -1
1773  92730
1774  -1
1775  92731
1776  -1
1777  -1
1778  -1
1779  -1
1780  -1
1781  -1
1782  -1
1783  92732
1784  -1
1785  92733
1786  -1
1787  -1
1788  92734
1789  -1
1790  92735
1791  -1
1792  92736
1793  -1
1794  -1
1795  -1
1796  -1
1797  -1
1798  -1
1799  -1
1800  92737
1801  92738
1802  92739
1803  -1
1804  -1
1805  -1
1806  -1
1807  -1
1808  -1
1809  -1
1810  -1
1811  92740
1812  -1
1813  92741
1814  -1
1815  -1
1816  -1
1817  92742
1818  -1
1819  -1
1820  -1
1821  92743
1822  -1
1823  -1
1824  -1
1825  92744
1826  92745
1827  -1
1828  -1
1829  -1
1830  -1
1831  92746
1832  92747
1833  -1
1834  -1
1835  92748
1836  92749
1837  -1
1838  -1
1839  -1
1840  -1
1841  -1
1842  92750
1843  -1
1844  92751
1845  -1
1846  92752
1847  92753
1848  -1
1849  92754
1850  -1
1851  -1
1852  -1
1853  -1
1854  92755
1855  -1
1856  -1
1857  92756
1858  -1
1859  -1
1860  -1
1861  -1
1862  -1
1863  -1
1864  92757
1865  -1
1866  92758
1867  -1
1868  92759
1869  -1
1870  -1
1871  -1
1872  -1
1873  92760
1874  -1
1875  92761
1876  -1
1877  -1
1878  -1
1879  92762
1880  -1
1881  92763
1882  -1
1883  92764
1884  -1
1885  92765
1886  -1
1887  -1
1888  92766
1889  -1
1890  -1
1891  -1
1892  -1
1893  92767
1894  -1
1895  -1
1896  -1
1897  92768
1898  92769
1899  -1
1900  92770
1901  92771
1902  -1
1903  92772
1904  92773
1905  -1
1906  -1
1907  -1
1908  92774
1909  -1
1910  92775
1911  -1
1912  -1
1913  -1
1914  -1
1915  92776
1916  -1
1917  -1
1918  -1
1919  -1
1920  -1
1921  -1
1922  -1
1923  92777
1924  -1
1925  92778
1926  92779
1927  -1
1928  92780
1929  92781
1930  -1
1931  92782
1932  -1
1933  -1
1934  92783
1935  -1
1936  92784
1937  92785
1938  -1
1939  92786
1940  -1
1941  -1
1942  -1
1943  92787
1944  -1
1945  92788
1946  -1
1947  -1
1948  92789
1949  -1
1950  -1
1951  -1
1952  92790
1953  -1
1954  92791
1955  92792
1956  -1
1957  -1
1958  -1
1959  92793
1960  -1
1961  92794
1962  92795
1963  -1
1964  92796
1965  92797
1966  92798
1967  92799
1968  -1
1969  92800
1970  -1
1971  -1
1972  -1
1973  -1
1974  -1
1975  92801
1976  -1
1977  -1
1978  -1
1979  -1
1980  92802
1981  -1
1982  92803
1983  92804
1984  92805
1985  92806
1986  92807
1987  92808
1988  -1
1989  92809
1990  -1
1991  -1
1992  -1
1993  92810
1994  92811
1995  92812
1996  -1
1997  -1
1998  -1
1999  -1
2000  -1
2001  92813
2002  -1
2003  -1
2004  -1
2005  -1
2006  -1
2007  -1
2008  -1
2009  -1
2010  -1
2011  -1
2012  -1
2013  -1
2014  -1
2015  92814
2016  -1
2017  -1
2018  -1
2019  -1
2020  92815
2021  -1
2022  -1
2023  92816
2024  -1
2025  -1
2026  -1
2027  -1
2028  -1
2029  -1
2030  -1
2031  -1
2032  92817
2033  -1
2034  -1
2035  92818
2036  -1
2037  -1
2038  -1
2039  -1
2040  -1
2041  -1
2042  -1
2043  -1
2044  92819
2045  -1
2046  -1
2047  -1
2048  -1
2049  92820
2050  -1
2051  -1
2052  -1
2053  -1
2054  92821
2055  92822
2056  -1
2057  -1
2058  92823
2059  -1
2060  -1
2061  -1
2062  92824
2063  -1
2064  -1
2065  -1
2066  -1
2067  -1
2068  -1
2069  -1
2070  92825
2071  92826
2072  -1
2073  -1
2074  -1
2075  -1
2076  -1
2077  -1
2078  -1
2079  -1
2080  -1
2081  92827
2082  92828
2083  -1
2084  -1
2085  -1
2086  92829
2087  -1
2088  -1
2089  92830
2090  -1
2091  -1
2092  92831
2093  92832
2094  92833
2095  92834
2096  92835
2097  92836
2098  -1
2099  -1
2100  -1
2101  92837
2102  -1
2103  -1
2104  -1
2105  -1
2106  -1
2107  -1
2108  -1
2109  -1
2110  -1
2111  -1
2112  -1
2113  -1
2114  -1
2115  92838
2116  -1
2117  92839
2118  -1
2119  -1
2120  -1
2121  -1
2122  -1
2123  -1
2124  -1
2125  -1
2126  -1
2127  -1
2128  -1
2129  -1
2130  -1
2131  -1
2132  92840
2133  -1
2134  -1
2135  -1
2136  92841
2137  -1
2138  92842
2139  -1
2140  92843
2141  -1
2142  -1
2143  92844
2144  -1
2145  92845
2146  -1
2147  92846
2148  -1
2149  -1
2150  -1
2151  -1
2152  -1
2153  -1
2154  92847
2155  -1
2156  -1
2157  -1
2158  -1
2159  92848
2160  -1
2161  -1
2162  92849
2163  -1
2164  -1
2165  -1
2166  -1
2167  -1
2168  -1
2169  -1
2170  -1
2171  -1
2172  -1
2173  92850
2174  -1
2175  92851
2176  -1
2177  -1
2178  92852
2179  -1
2180  -1
2181  -1
2182  92853
2183  -1
2184  92854
2185  -1
2186  92855
2187  -1
2188  92856
2189  -1
2190  -1
2191  -1
2192  -1
2193  92857
2194  -1
2195  -1
2196  -1
2197  -1
2198  -1
2199  92858
2200  92859
2201  -1
2202  -1
2203  -1
2204  -1
2205  92860
2206  92861
2207  -1
2208  -1
2209  -1
2210  -1
2211  92862
2212  -1
2213  -1
2214  -1
2215  -1
2216  -1
2217  -1
2218  -1
2219  -1
2220  -1
2221  -1
2222  -1
2223  -1
2224  92863
2225  -1
2226  -1
2227  92864
2228  -1
2229  92865
2230  -1
2231  -1
2232  -1
2233  -1
2234  -1
2235  92866
2236  -1
2237  92867
2238  -1
2239  -1
2240  -1
2241  92868
2242  92869
2243  92870
2244  92871
2245  -1
2246  -1
2247  -1
2248  -1
2249  92872
2250  -1
2251  92873
2252  -1
2253  -1
2254  92874
2255  -1
2256  -1
2257  -1
2258  -1
2259  -1
2260  -1
2261  -1
2262  -1
2263  -1
2264  -1
2265  -1
2266  -1
2267  -1
2268  92875
2269  -1
2270  -1
2271  92876
2272  -1
2273  92877
2274  -1
2275  -1
2276  -1
2277  92878
2278  -1
2279  92879
2280  -1
2281  -1
2282  -1
2283  -1
2284  -1
2285  -1
2286  -1
2287  -1
2288  -1
2289  -1
2290  -1
2291  -1
2292  92880
2293  -1
2294  -1
2295  -1
2296  -1
2297  -1
2298  -1
2299  -1
2300  -1
2301  -1
2302  -1
2303  92881
2304  92882
2305  92883
2306  -1
2307  92884
2308  -1
2309  92885
2310  -1
2311  92886
2312  -1
2313  -1
2314  -1
2315  -1
2316  -1
2317  -1
2318  92887
2319  -1
2320  -1
2321  -1
2322  92888
2323  -1
2324  -1
2325  92889
2326  -1
2327  -1
2328  92890
2329  -1
2330  -1
2331  -1
2332  92891
2333  -1
2334  -1
2335  -1
2336  -1
2337  -1
2338  -1
2339  -1
2340  -1
2341  -1
2342  -1
2343  -1
2344  -1
2345  92892
2346  -1
2347  92893
2348  92894
2349  -1
2350  92895
2351  92896
2352  -1
2353  -1
2354  -1
2355  -1
2356  -1
2357  92897
2358  -1
2359  -1
2360  -1
2361  -1
2362  92898
2363  -1
2364  92899
2365  92900
2366  -1
2367  -1
2368  -1
2369  92901
2370  92902
2371  -1
2372  -1
2373  92903
2374  -1
2375  -1
2376  92904
2377  -1
2378  -1
2379  92905
2380  -1
2381  -1
2382  -1
2383  -1
2384  92906
2385  -1
2386  -1
2387  92907
2388  92908
2389  -1
2390  -1
2391  -1
2392  92909
2393  -1
2394  -1
2395  92910
2396  -1
2397  92911
2398  -1
2399  -1
2400  92912
2401  -1
2402  -1
2403  -1
2404  -1
2405  -1
2406  -1
2407  92913
2408  -1
2409  92914
2410  -1
2411  -1
2412  -1
2413  -1
2414  -1
2415  -1
2416  -1
2417  -1
2418  -1
2419  -1
2420  92915
2421  -1
2422  -1
2423  92916
2424  -1
2425  92917
2426  -1
2427  -1
2428  -1
2429  -1
2430  -1
2431  -1
2432  -1
2433  -1
2434  -1
2435  92918
2436  -1
2437  92919
2438  -1
2439  92920
2440  -1
2441  -1
2442  92921
2443  92922
2444  -1
2445  -1
2446  92923
2447  -1
2448  92924
2449  -1
2450  92925
2451  -1
2452  -1
2453  -1
2454  -1
2455  -1
2456  -1
2457  -1
2458  -1
2459  -1
2460  92926
2461  -1
2462  92927
2463  92928
2464  -1
2465  -1
2466  -1
2467  -1
2468  -1
2469  -1
2470  -1
2471  -1
2472  -1
2473  -1
2474  -1
2475  92929
2476  92930
2477  92931
2478  -1
2479  -1
2480  -1
2481  -1
2482  92932
2483  -1
2484  -1
2485  92933
2486  -1
2487  -1
2488  -1
2489  92934
2490  -1
2491  92935
2492  -1
2493  -1
2494  92936
2495  -1
2496  92937
2497  -1
2498  92938
2499  -1
2500  -1
2501  -1
2502  -1
2503  -1
2504  -1
2505  -1
2506  -1
2507  -1
2508  -1
2509  -1
2510  92939
2511  -1
2512  -1
2513  -1
2514  -1
2515  92940
2516  -1
2517  -1
2518  92941
2519  -1
2520  92942
2521  92943
2522  -1
2523  -1
2524  -1
2525  -1
2526  -1
2527  -1
2528  -1
2529  -1
2530  92944
2531  -1
2532  -1
2533  -1
2534  92945
2535  -1
2536  -1
2537  92946
2538  -1
2539  -1
2540  92947
2541  -1
2542  -1
2543  -1
2544  -1
2545  -1
2546  -1
2547  -1
2548  92948
2549  -1
2550  -1
2551  -1
2552  -1
2553  -1
2554  92949
2555  92950
2556  92951
2557  -1
2558  92952
2559  -1
2560  -1
2561  92953
2562  -1
2563  -1
2564  92954
2565  -1
2566  -1
2567  -1
2568  92955
2569  -1
2570  -1
2571  92956
2572  -1
2573  92957
2574  -1
2575  -1
2576  -1
2577  -1
2578  -1
2579  92958
2580  92959
2581  92960
2582  -1
2583  -1
2584  92961
2585  -1
2586  92962
2587  -1
2588  92963
2589  92964
2590  -1
2591  92965
2592  92966
2593  92967
2594  -1
2595  -1
2596  92968
2597  -1
2598  92969
2599  92970
2600  92971
2601  92972
2602  92973
2603  -1
2604  -1
2605  -1
2606  92974
2607  92975
2608  -1
2609  -1
2610  92976
2611  -1
2612  -1
2613  -1
2614  92977
2615  -1
2616  -1
2617  -1
2618  -1
2619  -1
2620  92978
2621  -1
2622  -1
2623  -1
2624  -1
2625  -1
2626  -1
2627  -1
2628  -1
2629  -1
2630  92979
2631  92980
2632  -1
2633  92981
2634  -1
2635  92982
2636  92983
2637  92984
2638  -1
2639  92985
2640  92986
2641  92987
2642  92988
2643  92989
2644  -1
2645  -1
2646  92990
2647  92991
2648  92992
2649  -1
2650  92993
2651  -1
2652  -1
2653  92994
2654  92995
2655  -1
2656  -1
2657  -1
2658  92996
2659  -1
2660  92997
2661  -1
2662  -1
2663  92998
2664  -1
2665  92999
2666  -1
2667  -1
2668  93000
2669  93001
2670  -1
2671  93002
2672  93003
2673  -1
2674  93004
2675  -1
2676  -1
2677  -1
2678  93005
2679  93006
2680  -1
2681  -1
2682  -1
2683  -1
2684  -1
2685  -1
2686  -1
2687  -1
2688  -1
2689  -1
2690  -1
2691  93007
2692  -1
2693  93008
2694  -1
2695  93009
2696  -1
2697  93010
2698  -1
2699  -1
2700  -1
2701  -1
2702  -1
2703  -1
2704  -1
2705  93011
2706  93012
2707  -1
2708  -1
2709  -1
2710  -1
2711  -1
2712  93013
2713  -1
2714  -1
2715  93014
2716  93015
2717  -1
2718  93016
2719  -1
2720  -1
2721  93017
2722  -1
2723  93018
2724  -1
2725  -1
2726  93019
2727  93020
2728  -1
2729  93021
2730  -1
2731  93022
2732  -1
2733  -1
2734  -1
2735  -1
2736  93023
2737  93024
2738  -1
2739  93025
2740  -1
2741  -1
2742  93026
2743  93027
2744  -1
2745  93028
2746  93029
2747  -1
2748  93030
2749  -1
2750  -1
2751  -1
2752  -1
2753  -1
2754  -1
2755  -1
2756  -1
2757  -1
2758  -1
2759  -1
2760  93031
2761  -1
2762  -1
2763  93032
2764  93033
2765  -1
2766  -1
2767  93034
2768  -1
2769  -1
2770  93035
2771  -1
2772  -1
2773  -1
2774  -1
2775  93036
2776  93037
2777  93038
2778  -1
2779  -1
2780  93039
2781  93040
2782  -1
2783  -1
2784  -1
2785  -1
2786  93041
2787  -1
2788  -1
2789  -1
2790  -1
2791  -1
2792  -1
2793  -1
2794  -1
2795  93042
2796  -1
2797  -1
2798  93043
2799  -1
2800  -1
2801  -1
2802  93044
2803  -1
2804  -1
2805  -1
2806  -1
2807  -1
2808  -1
2809  -1
2810  -1
2811  -1
2812  93045
2813  -1
2814  -1
2815  93046
2816  -1
2817  -1
2818  -1
2819  93047
2820  -1
2821  -1
2822  93048
2823  93049
2824  -1
2825  -1
2826  -1
2827  -1
2828  -1
2829  93050
2830  -1
2831  93051
2832  -1
2833  93052
2834  -1
2835  93053
2836  -1
2837  93054
2838  -1
2839  -1
2840  -1
2841  -1
2842  93055
2843  -1
2844  -1
2845  93056
2846  93057
2847  -1
2848  -1
2849  93058
2850  -1
2851  93059
2852  -1
2853  93060
2854  -1
2855  -1
2856  -1
2857  -1
2858  93061
2859  -1
2860  93062
2861  93063
2862  -1
2863  -1
2864  -1
2865  93064
2866  -1
2867  -1
2868  -1
2869  -1
2870  -1
2871  -1
2872  93065
2873  -1
2874  93066
2875  93067
2876  -1
2877  -1
2878  -1
2879  -1
2880  93068
2881  -1
2882  93069
2883  -1
2884  -1
2885  93070
2886  93071
2887  -1
2888  -1
2889  -1
2890  -1
2891  -1
2892  -1
2893  -1
2894  -1
2895  -1
2896  93072
2897  -1
2898  93073
2899  -1
2900  -1
2901  -1
2902  -1
2903  -1
2904  93074
2905  -1
2906  -1
2907  93075
2908  93076
2909  -1
2910  -1
2911  -1
2912  93077
2913  -1
2914  -1
2915  -1
2916  93078
2917  -1
2918  93079
2919  93080
2920  -1
2921  -1
2922  -1
2923  93081
2924  93082
2925  -1
2926  93083
2927  -1
2928  -1
2929  -1
2930  -1
2931  -1
2932  93084
2933  -1
2934  -1
2935  -1
2936  93085
2937  -1
2938  -1
2939  -1
2940  -1
2941  93086
2942  -1
2943  93087
2944  -1
2945  -1
2946  -1
2947  -1
2948  -1
2949  93088
2950  -1
2951  -1
2952  93089
2953  -1
2954  -1
2955  93090
2956  -1
2957  -1
2958  93091
2959  -1
2960  -1
2961  -1
2962  93092
2963  -1
2964  93093
2965  -1
2966  93094
2967  -1
2968  -1
2969  -1
2970  -1
2971  93095
2972  -1
2973  -1
2974  -1
2975  93096
2976  -1
2977  -1
2978  -1
2979  -1
2980  93097
2981  -1
2982  -1
2983  -1
2984  93098
2985  -1
2986  93099
2987  -1
2988  -1
2989  93100
2990  -1
2991  -1
2992  -1
2993  -1
2994  -1
2995  93101
2996  -1
2997  -1
2998  -1
2999  -1
3000  93102
3001  -1
3002  -1
3003  -1
3004  -1
3005  -1
3006  -1
3007  93103
3008  -1
3009  -1
3010  -1
3011  -1
3012  -1
3013  93104
3014  -1
3015  93105
3016  -1
3017  -1
3018  -1
3019  93106
3020  -1
3021  -1
3022  -1
3023  93107
3024  -1
3025  -1
3026  93108
3027  93109
3028  93110
3029  -1
3030  -1
3031  -1
3032  93111
3033  93112
3034  -1
3035  93113
3036  -1
3037  93114
3038  -1
3039  93115
3040  -1
3041  -1
3042  -1
3043  -1
3044  -1
3045  -1
3046  -1
3047  93116
3048  -1
3049  -1
3050  93117
3051  93118
3052  -1
3053  -1
3054  93119
3055  -1
3056  -1
3057  -1
3058  -1
3059  -1
3060  -1
3061  93120
3062  -1
3063  -1
3064  -1
3065  93121
3066  93122
3067  -1
3068  93123
3069  93124
3070  -1
3071  93125
3072  -1
3073  -1
3074  -1
3075  -1
3076  -1
3077  -1
3078  -1
3079  -1
3080  -1
3081  93126
3082  93127
3083  -1
3084  -1
3085  93128
3086  -1
3087  -1
3088  -1
3089  93129
3090  93130
3091  -1
3092  -1
3093  93131
3094  -1
3095  -1
3096  -1
3097  -1
3098  93132
3099  -1
3100  -1
3101  93133
3102  93134
3103  -1
3104  -1
3105  93135
3106  93136
3107  -1
3108  93137
3109  93138
3110  -1
3111  -1
3112  93139
3113  93140
3114  -1
3115  -1
3116  93141
3117  -1
3118  -1
3119  -1
3120  -1
3121  -1
3122  93142
3123  -1
3124  93143
3125  -1
3126  -1
3127  93144
3128  93145
3129  93146
3130  -1
3131  -1
3132  93147
3133  93148
3134  -1
3135  -1
3136  93149
3137  -1
3138  -1
3139  93150
3140  93151
3141  -1
3142  -1
3143  -1
3144  -1
3145  93152
3146  93153
3147  -1
3148  93154
3149  -1
3150  -1
3151  -1
3152  -1
3153  93155
3154  -1
3155  -1
3156  -1
3157  93156
3158  -1
3159  -1
3160  -1
3161  93157
3162  93158
3163  93159
3164  -1
3165  -1
3166  93160
3167  -1
3168  -1
3169  -1
3170  93161
3171  -1
3172  -1
3173  -1
3174  -1
3175  -1
3176  -1
3177  93162
3178  -1
3179  93163
3180  -1
3181  -1
3182  -1
3183  -1
3184  93164
3185  -1
3186  -1
3187  -1
3188  -1
3189  -1
3190  93165
3191  -1
3192  -1
3193  -1
3194  -1
3195  -1
3196  93166
3197  -1
3198  -1
3199  93167
3200  93168
3201  -1
3202  -1
3203  -1
3204  93169
3205  93170
3206  93171
3207  -1
3208  93172
3209  -1
3210  -1
3211  -1
3212  -1
3213  93173
3214  -1
3215  93174
3216  -1
3217  93175
3218  -1
3219  -1
3220  93176
3221  93177
3222  -1
3223  93178
3224  -1
3225  -1
3226  93179
3227  -1
3228  -1
3229  -1
3230  -1
3231  -1
3232  -1
3233  93180
3234  -1
3235  -1
3236  93181
3237  93182
3238  -1
3239  -1
3240  -1
3241  -1
3242  -1
3243  -1
3244  -1
3245  -1
3246  -1
3247  93183
3248  -1
3249  -1
3250  93184
3251  -1
3252  -1
3253  93185
3254  -1
3255  -1
3256  -1
3257  -1
3258  -1
3259  -1
3260  -1
3261  -1
3262  -1
3263  -1
3264  93186
3265  -1
3266  -1
3267  -1
3268  -1
3269  93187
3270  -1
3271  -1
3272  -1
3273  -1
3274  -1
3275  93188
3276  -1
3277  93189
3278  -1
3279  -1
3280  93190
3281  93191
3282  93192
3283  -1
3284  93193
3285  93194
3286  93195
3287  -1
3288  -1
3289  -1
3290  93196
3291  93197
3292  -1
3293  93198
3294  93199
3295  93200
3296  -1
3297  -1
3298  -1
3299  -1
3300  93201
3301  -1
3302  -1
3303  93202
3304  -1
3305  93203
3306  93204
3307  93205
3308  -1
3309  93206
3310  -1
3311  -1
3312  93207
3313  93208
3314  -1
3315  -1
3316  -1
3317  93209
3318  -1
3319  -1
3320  -1
3321  -1
3322  -1
3323  -1
3324  -1
3325  -1
3326  93210
3327  93211
3328  -1
3329  -1
3330  -1
3331  -1
3332  -1
3333  -1
3334  -1
3335  -1
3336  93212
3337  93213
3338  -1
3339  -1
3340  -1
3341  -1
3342  -1
3343  93214
3344  -1
3345  -1
3346  93215
3347  93216
3348  93217
3349  -1
3350  93218
3351  -1
3352  -1
3353  93219
3354  -1
3355  -1
3356  -1
3357  -1
3358  93220
3359  -1
3360  -1
3361  93221
3362  -1
3363  -1
3364  -1
3365  93222
3366  -1
3367  -1
3368  -1
3369  -1
3370  -1
3371  -1
3372  93223
3373  -1
3374  93224
3375  -1
3376  -1
3377  -1
3378  -1
3379  -1
3380  93225
3381  93226
3382  93227
3383  -1
3384  -1
3385  93228
3386  -1
3387  -1
3388  -1
3389  -1
3390  -1
3391  -1
3392  -1
3393  93229
3394  -1
3395  -1
3396  -1
3397  93230
3398  -1
3399  -1
3400  -1
3401  93231
3402  -1
3403  -1
3404  93232
3405  93233
3406  -1
3407  93234
3408  93235
3409  93236
3410  -1
3411  -1
3412  93237
3413  93238
3414  -1
3415  -1
3416  93239
3417  -1
3418  -1
3419  -1
3420  -1
3421  93240
3422  93241
3423  93242
3424  -1
3425  93243
3426  -1
3427  -1
3428  93244
3429  -1
3430  93245
3431  93246
3432  -1
3433  -1
3434  -1
3435  -1
3436  -1
3437  93247
3438  -1
3439  -1
3440  -1
3441  93248
3442  -1
3443  93249
3444  -1
3445  -1
3446  93250
3447  -1
3448  -1
3449  -1
3450  -1
3451  93251
3452  -1
3453  93252
3454  -1
3455  93253
3456  93254
3457  93255
3458  -1
3459  -1
3460  93256
3461  93257
3462  -1
3463  93258
3464  -1
3465  -1
3466  -1
3467  -1
3468  -1
3469  -1
3470  -1
3471  -1
3472  -1
3473  93259
3474  -1
3475  -1
3476  -1
3477  93260
3478  -1
3479  -1
3480  -1
3481  -1
3482  -1
3483  93261
3484  -1
3485  -1
3486  -1
3487  -1
3488  -1
3489  -1
3490  -1
3491  -1
3492  -1
3493  93262
3494  93263
3495  -1
3496  -1
3497  93264
3498  93265
3499  -1
3500  93266
3501  93267
3502  -1
3503  93268
3504  -1
3505  -1
3506  -1
3507  -1
3508  93269
3509  -1
3510  -1
3511  -1
3512  -1
3513  -1
3514  93270
3515  93271
3516  93272
3517  93273
3518  -1
3519  -1
3520  -1
3521  -1
3522  -1
3523  -1
3524  -1
3525  93274
3526  -1
3527  -1
3528  93275
3529  -1
3530  -1
3531  -1
3532  -1
3533  -1
3534  -1
3535  93276
3536  93277
3537  -1
3538  93278
3539  -1
3540  93279
3541  -1
3542  -1
3543  -1
3544  -1
3545  -1
3546  93280
3547  93281
3548  -1
3549  -1
3550  -1
3551  -1
3552  93282
3553  -1
3554  93283
3555  -1
3556  -1
3557  -1
3558  93284
3559  -1
3560  -1
3561  -1
3562  -1
3563  -1
3564  -1
3565  -1
3566  93285
3567  93286
3568  -1
3569  -1
3570  93287
3571  93288
3572  93289
3573  93290
3574  -1
3575  -1
3576  93291
3577  -1
3578  -1
3579  -1
3580  -1
3581  -1
3582  -1
3583  -1
3584  93292
3585  -1
3586  -1
3587  93293
3588  -1
3589  -1
3590  -1
3591  -1
3592  -1
3593  -1
3594  -1
3595  -1
3596  -1
3597  -1
3598  -1
3599  -1
3600  -1
3601  -1
3602  -1
3603  -1
3604  -1
3605  -1
3606  93294
3607  -1
3608  93295
3609  -1
3610  -1
3611  -1
3612  -1
3613  -1
3614  -1
3615  93296
3616  93297
3617  -1
3618  93298
3619  93299
3620  -1
3621  -1
3622  -1
3623  -1
3624  93300
3625  -1
3626  -1
3627  -1
3628  -1
3629  -1
3630  -1
3631  -1
3632  -1
3633  93301
3634  -1
3635  -1
3636  -1
3637  -1
3638  -1
3639  -1
3640  -1
3641  -1
3642  93302
3643  -1
3644  -1
3645  93303
3646  -1
3647  93304
3648  -1
3649  -1
3650  -1
3651  93305
3652  -1
3653  93306
3654  93307
3655  93308
3656  -1
3657  -1
3658  -1
3659  -1
3660  -1
3661  93309
3662  -1
3663  -1
3664  -1
3665  -1
3666  -1
3667  -1
3668  93310
3669  93311
3670  -1
3671  93312
3672  -1
3673  93313
3674  -1
3675  93314
3676  -1
3677  -1
3678  -1
3679  -1
3680  -1
3681  -1
3682  93315
3683  -1
3684  -1
3685  -1
3686  -1
3687  93316
3688  93317
3689  93318
3690  -1
3691  -1
3692  -1
3693  93319
3694  -1
3695  -1
3696  -1
3697  -1
3698  93320
3699  93321
3700  93322
3701  -1
3702  -1
3703  -1
3704  -1
3705  -1
3706  93323
3707  -1
3708  -1
3709  93324
3710  -1
3711  93325
3712  -1
3713  93326
3714  93327
3715  -1
3716  93328
3717  -1
3718  -1
3719  -1
3720  -1
3721  93329
3722  -1
3723  -1
3724  93330
3725  -1
3726  -1
3727  -1
3728  -1
3729  -1
3730  -1
3731  93331
3732  -1
3733  93332
3734  93333
3735  -1
3736  93334
3737  93335
3738  93336
3739  -1
3740  -1
3741  -1
3742  93337
3743  -1
3744  93338
3745  -1
3746  -1
3747  93339
3748  -1
3749  -1
3750  -1
3751  -1
3752  -1
3753  -1
3754  -1
3755  93340
3756  -1
3757  -1
3758  -1
3759  93341
3760  -1
3761  -1
3762  -1
3763  93342
3764  93343
3765  -1
3766  -1
3767  -1
3768  -1
3769  -1
3770  -1
3771  93344
3772  -1
3773  -1
3774  93345
3775  93346
3776  -1
3777  -1
3778  93347
3779  -1
3780  -1
3781  -1
3782  -1
3783  93348
3784  -1
3785  93349
3786  93350
3787  -1
3788  -1
3789  -1
3790  93351
3791  93352
3792  -1
3793  -1
3794  93353
3795  -1
3796  -1
3797  -1
3798  -1
3799  -1
3800  -1
3801  -1
3802  -1
3803  -1
3804  93354
3805  -1
3806  -1
3807  -1
3808  -1
3809  -1
3810  93355
3811  93356
3812  -1
3813  -1
3814  -1
3815  -1
3816  93357
3817  93358
3818  -1
3819  -1
3820  -1
3821  -1
3822  -1
3823  -1
3824  -1
3825  -1
3826  -1
3827  -1
3828  -1
3829  -1
3830  93359
3831  93360
3832  93361
3833  -1
3834  -1
3835  93362
3836  93363
3837  93364
3838  -1
3839  -1
3840  93365
3841  -1
3842  93366
3843  -1
3844  93367
3845  93368
3846  -1
3847  -1
3848  93369
3849  93370
3850  -1
3851  -1
3852  -1
3853  -1
3854  -1
3855  -1
3856  -1
3857  -1
3858  -1
3859  93371
3860  -1
3861  -1
3862  -1
3863  -1
3864  93372
3865  -1
3866  93373
3867  -1
3868  93374
3869  93375
3870  -1
3871  -1
3872  93376
3873  -1
3874  -1
3875  -1
3876  -1
3877  -1
3878  93377
3879  -1
3880  -1
3881  -1
3882  -1
3883  93378
3884  -1
3885  -1
3886  -1
3887  93379
3888  -1
3889  93380
3890  -1
3891  93381
3892  -1
3893  -1
3894  -1
3895  -1
3896  -1
3897  93382
3898  -1
3899  -1
3900  -1
3901  -1
3902  93383
3903  -1
3904  -1
3905  -1
3906  -1
3907  -1
3908  93384
3909  -1
3910  -1
3911  -1
3912  -1
3913  93385
3914  93386
3915  -1
3916  93387
3917  -1
3918  -1
3919  -1
3920  93388
3921  -1
3922  -1
3923  -1
3924  -1
3925  93389
3926  -1
3927  93390
3928  93391
3929  -1
3930  -1
3931  -1
3932  -1
3933  -1
3934  -1
3935  -1
3936  93392
3937  93393
3938  93394
3939  93395
3940  -1
3941  93396
3942  -1
3943  -1
3944  -1
3945  -1
3946  -1
3947  -1
3948  93397
3949  -1
3950  -1
3951  -1
3952  -1
3953  -1
3954  93398
3955  -1
3956  93399
3957  93400
3958  -1
3959  -1
3960  -1
3961  93401
3962  93402
3963  -1
3964  -1
3965  93403
3966  -1
3967  93404
3968  -1
3969  -1
3970  -1
3971  93405
3972  -1
3973  93406
3974  -1
3975  -1
3976  -1
3977  -1
3978  -1
3979  -1
3980  -1
3981  -1
3982  -1
3983  -1
3984  -1
3985  -1
3986  93407
3987  -1
3988  -1
3989  -1
3990  -1
3991  -1
3992  -1
3993  -1
3994  -1
3995  -1
3996  -1
3997  -1
3998  -1
3999  -1
4000  -1
4001  -1
4002  -1
4003  -1
4004  -1
4005  93408
4006  -1
4007  -1
4008  -1
4009  -1
4010  -1
4011  -1
4012  93409
4013  -1
4014  93410
4015  -1
4016  93411
4017  -1
4018  93412
4019  -1
4020  -1
4021  93413
4022  -1
4023  -1
4024  -1
4025  -1
4026  93414
4027  -1
4028  -1
4029  -1
4030  -1
4031  93415
4032  -1
4033  93416
4034  -1
4035  93417
4036  -1
4037  -1
4038  -1
4039  -1
4040  93418
4041  -1
4042  -1
4043  93419
4044  -1
4045  -1
4046  -1
4047  93420
4048  -1
4049  -1
4050  -1
4051  -1
4052  -1
4053  -1
4054  93421
4055  93422
4056  -1
4057  -1
4058  93423
4059  93424
4060  93425
4061  93426
4062  -1
4063  93427
4064  -1
4065  -1
4066  -1
4067  -1
4068  -1
4069  93428
4070  -1
4071  -1
4072  -1
4073  -1
4074  -1
4075  -1
4076  -1
4077  93429
4078  -1
4079  93430
4080  93431
4081  93432
4082  -1
4083  93433
4084  -1
4085  -1
4086  -1
4087  -1
4088  93434
4089  93435
4090  93436
4091  -1
4092  -1
4093  93437
4094  93438
4095  -1
4096  -1
4097  -1
4098  -1
4099  -1
4100  -1
4101  93439
4102  -1
4103  93440
4104  -1
4105  93441
4106  -1
4107  -1
4108  93442
4109  93443
4110  -1
4111  -1
4112  -1
4113  -1
4114  93444
4115  -1
4116  -1
4117  -1
4118  -1
4119  93445
4120  93446
4121  93447
4122  93448
4123  93449
4124  -1
4125  -1
4126  93450
4127  93451
4128  -1
4129  93452
4130  93453
4131  93454
4132  -1
4133  -1
4134  -1
4135  -1
4136  -1
4137  93455
4138  93456
4139  93457
4140  -1
4141  -1
4142  -1
4143  -1
4144  -1
4145  -1
4146  93458
4147  -1
4148  -1
4149  -1
4150  -1
4151  -1
4152  -1
4153  -1
4154  -1
4155  93459
4156  -1
4157  -1
4158  -1
4159  -1
4160  -1
4161  -1
4162  -1
4163  93460
4164  -1
4165  -1
4166  -1
4167  -1
4168  -1
4169  -1
4170  -1
4171  -1
4172  -1
4173  -1
4174  93461
4175  93462
4176  -1
4177  -1
4178  93463
4179  -1
4180  -1
4181  -1
4182  -1
4183  -1
4184  -1
4185  -1
4186  -1
4187  -1
4188  -1
4189  -1
4190  -1
4191  -1
4192  -1
4193  -1
4194  93464
4195  93465
4196  -1
4197  -1
4198  -1
4199  -1
4200  -1
4201  -1
4202  93466
4203  93467
4204  93468
4205  93469
4206  93470
4207  -1
4208  -1
4209  -1
4210  -1
4211  -1
4212  93471
4213  93472
4214  -1
4215  -1
4216  -1
4217  -1
4218  93473
4219  93474
4220  -1
4221  -1
4222  -1
4223  93475
4224  93476
4225  93477
4226  -1
4227  93478
4228  -1
4229  93479
4230  93480
4231  -1
4232  -1
4233  -1
4234  -1
4235  -1
4236  -1
4237  -1
4238  -1
4239  -1
4240  -1
4241  -1
4242  93481
4243  -1
4244  93482
4245  -1
4246  -1
4247  -1
4248  -1
4249  93483
4250  93484
4251  93485
4252  93486
4253  -1
4254  -1
4255  -1
4256  -1
4257  93487
4258  -1
4259  -1
4260  -1
4261  -1
4262  -1
4263  -1
4264  -1
4265  93488
4266  93489
4267  93490
4268  -1
4269  93491
4270  -1
4271  -1
4272  93492
4273  -1
4274  -1
4275  -1
4276  -1
4277  -1
4278  93493
4279  -1
4280  -1
4281  -1
4282  93494
4283  -1
4284  -1
4285  -1
4286  -1
4287  -1
4288  93495
4289  -1
4290  -1
4291  -1
4292  -1
4293  -1
4294  -1
4295  -1
4296  -1
4297  -1
4298  93496
4299  93497
4300  93498
4301  -1
4302  93499
4303  -1
4304  -1
4305  93500
4306  -1
4307  -1
4308  93501
4309  -1
4310  93502
4311  -1
4312  -1
4313  93503
4314  -1
4315  -1
4316  -1
4317  93504
4318  93505
4319  93506
4320  -1
4321  -1
4322  -1
4323  -1
4324  -1
4325  -1
4326  -1
4327  -1
4328  -1
4329  93507
4330  -1
4331  -1
4332  -1
4333  -1
4334  -1
4335  93508
4336  -1
4337  -1
4338  -1
4339  -1
4340  -1
4341  93509
4342  93510
4343  93511
4344  93512
4345  93513
4346  93514
4347  -1
4348  -1
4349  -1
4350  -1
4351  -1
4352  93515
4353  -1
4354  -1
4355  -1
4356  -1
4357  -1
4358  -1
4359  -1
4360  93516
4361  93517
4362  -1
4363  93518
4364  -1
4365  -1
4366  93519
4367  -1
4368  -1
4369  -1
4370  93520
4371  -1
4372  -1
4373  -1
4374  -1
4375  -1
4376  93521
4377  93522
4378  -1
4379  -1
4380  -1
4381  -1
4382  93523
4383  93524
4384  93525
4385  -1
4386  -1
4387  -1
4388  93526
4389  93527
4390  -1
4391  93528
4392  93529
4393  -1
4394  -1
4395  -1
4396  93530
4397  -1
4398  -1
4399  93531
4400  -1
4401  -1
4402  -1
4403  93532
4404  93533
4405  -1
4406  -1
4407  -1
4408  93534
4409  -1
4410  93535
4411  -1
4412  -1
4413  93536
4414  -1
4415  -1
4416  -1
4417  93537
4418  93538
4419  -1
4420  -1
4421  -1
4422  -1
4423  93539
4424  -1
4425  93540
4426  -1
4427  -1
4428  -1
4429  -1
4430  93541
4431  -1
4432  -1
4433  -1
4434  -1
4435  -1
4436  -1
4437  93542
4438  93543
4439  -1
4440  -1
4441  -1
4442  93544
4443  -1
4444  -1
4445  93545
4446  -1
4447  -1
4448  -1
4449  -1
4450  -1
4451  -1
4452  -1
4453  -1
4454  -1
4455  -1
4456  93546
4457  -1
4458  -1
4459  -1
4460  -1
4461  -1
4462  -1
4463  93547
4464  -1
4465  -1
4466  93548
4467  93549
4468  93550
4469  93551
4470  93552
4471  -1
4472  93553
4473  -1
4474  -1
4475  -1
4476  93554
4477  -1
4478  -1
4479  93555
4480  -1
4481  -1
4482  -1
4483  -1
4484  -1
4485  -1
4486  93556
4487  93557
4488  -1
4489  -1
4490  -1
4491  -1
4492  93558
4493  -1
4494  -1
4495  -1
4496  -1
4497  -1
4498  93559
4499  -1
4500  -1
4501  93560
4502  -1
4503  -1
4504  93561
4505  93562
4506  93563
4507  -1
4508  -1
4509  -1
4510  -1
4511  -1
4512  -1
4513  -1
4514  -1
4515  93564
4516  -1
4517  -1
4518  -1
4519  -1
4520  93565
4521  93566
4522  -1
4523  93567
4524  -1
4525  93568
4526  -1
4527  -1
4528  -1
4529  93569
4530  -1
4531  93570
4532  -1
4533  93571
4534  -1
4535  -1
4536  -1
4537  -1
4538  -1
4539  -1
4540  -1
4541  93572
4542  -1
4543  93573
4544  -1
4545  -1
4546  -1
4547  -1
4548  -1
4549  93574
4550  -1
4551  -1
4552  93575
4553  -1
4554  -1
4555  -1
4556  -1
4557  -1
4558  -1
4559  93576
4560  -1
4561  -1
4562  -1
4563  -1
4564  -1
4565  -1
4566  -1
4567  -1
4568  -1
4569  93577
4570  -1
4571  93578
4572  -1
4573  -1
4574  -1
4575  93579
4576  93580
4577  -1
4578  -1
4579  -1
4580  -1
4581  -1
4582  93581
4583  -1
4584  -1
4585  93582
4586  -1
4587  -1
4588  -1
4589  -1
4590  93583
4591  -1
4592  93584
4593  -1
4594  -1
4595  -1
4596  93585
4597  -1
4598  93586
4599  93587
4600  -1
4601  -1
4602  93588
4603  -1
4604  -1
4605  93589
4606  -1
4607  93590
4608  -1
4609  -1
4610  93591
4611  93592
4612  -1
4613  93593
4614  -1
4615  -1
4616  -1
4617  -1
4618  -1
4619  -1
4620  -1
4621  -1
4622  -1
4623  -1
4624  -1
4625  -1
4626  -1
4627  -1
4628  -1
4629  -1
4630  93594
4631  -1
4632  93595
4633  -1
4634  93596
4635  93597
4636  93598
4637  -1
4638  -1
4639  -1
4640  -1
4641  -1
4642  93599
4643  -1
4644  -1
4645  93600
4646  -1
4647  93601
4648  -1
4649  -1
4650  -1
4651  93602
4652  -1
4653  93603
4654  93604
4655  -1
4656  93605
4657  -1
4658  -1
4659  -1
4660  93606
4661  93607
4662  -1
4663  93608
4664  93609
4665  -1
4666  -1
4667  -1
4668  93610
4669  93611
4670  93612
4671  -1
4672  -1
4673  -1
4674  -1
4675  93613
4676  93614
4677  93615
4678  93616
4679  -1
4680  -1
4681  -1
4682  93617
4683  -1
4684  93618
4685  93619
4686  -1
4687  93620
4688  -1
4689  93621
4690  -1
4691  -1
4692  93622
4693  93623
4694  -1
4695  -1
4696  -1
4697  -1
4698  93624
4699  93625
4700  93626
4701  -1
4702  93627
4703  93628
4704  -1
4705  -1
4706  -1
4707  93629
4708  -1
4709  -1
4710  93630
4711  -1
4712  93631
4713  93632
4714  -1
4715  -1
4716  -1
4717  93633
4718  93634
4719  -1
4720  -1
4721  -1
4722  -1
4723  93635
4724  93636
4725  -1
4726  -1
4727  93637
4728  -1
4729  -1
4730  -1
4731  -1
4732  93638
4733  -1
4734  93639
4735  -1
4736  -1
4737  -1
4738  -1
4739  -1
4740  -1
4741  -1
4742  -1
4743  -1
4744  -1
4745  -1
4746  93640
4747  -1
4748  -1
4749  -1
4750  93641
4751  -1
4752  -1
4753  -1
4754  -1
4755  -1
4756  -1
4757  93642
4758  93643
4759  93644
4760  -1
4761  -1
4762  -1
4763  -1
4764  -1
4765  -1
4766  -1
4767  -1
4768  93645
4769  -1
4770  93646
4771  -1
4772  -1
4773  -1
4774  -1
4775  -1
4776  93647
4777  -1
4778  -1
4779  -1
4780  -1
4781  -1
4782  -1
4783  93648
4784  93649
4785  -1
4786  -1
4787  -1
4788  -1
4789  -1
4790  -1
4791  -1
4792  -1
4793  -1
4794  -1
4795  -1
4796  -1
4797  -1
4798  -1
4799  93650
4800  -1
4801  -1
4802  -1
4803  -1
4804  -1
4805  -1
4806  -1
4807  -1
4808  -1
4809  93651
4810  93652
4811  93653
4812  93654
4813  -1
4814  -1
4815  -1
4816  93655
4817  93656
4818  -1
4819  -1
4820  -1
4821  -1
4822  -1
4823  93657
4824  93658
4825  -1
4826  -1
4827  93659
4828  -1
4829  93660
4830  93661
4831  -1
4832  -1
4833  93662
4834  -1
4835  93663
4836  -1
4837  -1
4838  -1
4839  -1
4840  -1
4841  93664
4842  93665
4843  93666
4844  93667
4845  93668
4846  -1
4847  -1
4848  -1
4849  -1
4850  -1
4851  -1
4852  -1
4853  -1
4854  -1
4855  -1
4856  -1
4857  -1
4858  93669
4859  -1
4860  -1
4861  -1
4862  93670
4863  -1
4864  -1
4865  -1
4866  -1
4867  -1
4868  93671
4869  93672
4870  93673
4871  93674
4872  -1
4873  93675
4874  93676
4875  -1
4876  -1
4877  -1
4878  93677
4879  93678
4880  93679
4881  -1
4882  -1
4883  93680
4884  -1
4885  -1
4886  -1
4887  93681
4888  93682
4889  -1
4890  -1
4891  -1
4892  93683
4893  -1
4894  -1
4895  -1
4896  93684
4897  93685
4898  -1
4899  -1
4900  -1
4901  93686
4902  -1
4903  93687
4904  -1
4905  -1
4906  -1
4907  -1
4908  -1
4909  93688
4910  93689
4911  -1
4912  -1
4913  -1
4914  -1
4915  -1
4916  -1
4917  -1
4918  93690
4919  93691
4920  -1
4921  -1
4922  -1
4923  -1
4924  -1
4925  -1
4926  93692
4927  -1
4928  -1
4929  93693
4930  -1
4931  -1
4932  93694
4933  -1
4934  -1
4935  -1
4936  93695
4937  -1
4938  -1
4939  93696
4940  -1
4941  -1
4942  -1
4943  -1
4944  93697
4945  -1
4946  93698
4947  -1
4948  -1
4949  93699
4950  93700
4951  -1
4952  -1
4953  93701
4954  93702
4955  -1
4956  -1
4957  93703
4958  -1
4959  -1
4960  -1
4961  -1
4962  93704
4963  -1
4964  -1
4965  -1
4966  93705
4967  -1
4968  93706
4969  93707
4970  -1
4971  -1
4972  93708
4973  93709
4974  -1
4975  -1
4976  -1
4977  -1
4978  -1
4979  -1
4980  -1
4981  -1
4982  -1
4983  -1
4984  93710
4985  -1
4986  -1
4987  93711
4988  -1
4989  93712
4990  -1
4991  -1
4992  -1
4993  93713
4994  93714
4995  -1
4996  -1
4997  -1
4998  -1
4999  -1
5000  93715
5001  -1
5002  -1
5003  -1
5004  -1
5005  -1
5006  -1
5007  -1
5008  -1
5009  -1
5010  -1
5011  -1
5012  -1
5013  -1
5014  -1
5015  93716
5016  -1
5017  -1
5018  -1
5019  -1
5020  -1
5021  -1
5022  -1
5023  -1
5024  -1
5025  -1
5026  -1
5027  93717
5028  93718
5029  93719
5030  -1
5031  -1
5032  -1
5033  93720
5034  -1
5035  93721
5036  93722
5037  -1
5038  93723
5039  93724
5040  -1
5041  -1
5042  -1
5043  -1
5044  -1
5045  -1
5046  -1
5047  93725
5048  -1
5049  -1
5050  -1
5051  93726
5052  93727
5053  93728
5054  -1
5055  -1
5056  -1
5057  -1
5058  -1
5059  -1
5060  -1
5061  93729
5062  93730
5063  -1
5064  -1
5065  -1
5066  -1
5067  93731
5068  93732
5069  -1
5070  -1
5071  -1
5072  -1
5073  -1
5074  93733
5075  93734
5076  -1
5077  -1
5078  93735
5079  93736
5080  -1
5081  93737
5082  -1
5083  -1
5084  -1
5085  93738
5086  93739
5087  -1
5088  -1
5089  93740
5090  93741
5091  -1
5092  -1
5093  93742
5094  -1
5095  -1
5096  -1
5097  93743
5098  -1
5099  93744
5100  93745
5101  93746
5102  -1
5103  -1
5104  -1
5105  93747
5106  -1
5107  -1
5108  -1
5109  -1
5110  -1
5111  93748
5112  93749
5113  93750
5114  -1
5115  93751
5116  93752
5117  -1
5118  -1
5119  93753
5120  -1
5121  -1
5122  93754
5123  -1
5124  -1
5125  -1
5126  93755
5127  -1
5128  -1
5129  -1
5130  93756
5131  93757
5132  -1
5133  -1
5134  93758
5135  93759
5136  93760
5137  -1
5138  93761
5139  -1
5140  -1
5141  -1
5142  -1
5143  93762
5144  93763
5145  93764
5146  -1
5147  93765
5148  93766
5149  93767
5150  -1
5151  -1
5152  -1
5153  93768
5154  93769
5155  -1
5156  93770
5157  -1
5158  -1
5159  -1
5160  -1
5161  -1
5162  -1
5163  -1
5164  93771
5165  -1
5166  93772
5167  -1
5168  93773
5169  -1
5170  -1
5171  -1
5172  -1
5173  -1
5174  -1
5175  93774
5176  -1
5177  -1
5178  -1
5179  -1
5180  -1
5181  -1
5182  -1
5183  -1
5184  93775
5185  -1
5186  -1
5187  -1
5188  -1
5189  -1
5190  -1
5191  93776
5192  -1
5193  93777
5194  93778
5195  93779
5196  93780
5197  -1
5198  -1
5199  93781
5200  93782
5201  93783
5202  -1
5203  -1
5204  93784
5205  -1
5206  -1
5207  -1
5208  -1
5209  -1
5210  93785
5211  93786
5212  -1
5213  93787
5214  -1
5215  93788
5216  -1
5217  -1
5218  -1
5219  93789
5220  -1
5221  -1
5222  93790
5223  -1
5224  93791
5225  -1
5226  -1
5227  -1
5228  93792
5229  -1
5230  93793
5231  -1
5232  -1
5233  -1
5234  -1
5235  93794
5236  -1
5237  93795
5238  -1
5239  -1
5240  93796
5241  -1
5242  -1
5243  -1
5244  -1
5245  -1
5246  93797
5247  -1
5248  93798
5249  93799
5250  -1
5251  -1
5252  -1
5253  -1
5254  93800
5255  -1
5256  -1
5257  -1
5258  93801
5259  93802
5260  93803
5261  -1
5262  -1
5263  -1
5264  -1
5265  -1
5266  -1
5267  -1
5268  -1
5269  93804
5270  -1
5271  93805
5272  -1
5273  -1
5274  -1
5275  93806
5276  -1
5277  -1
5278  -1
5279  -1
5280  93807
5281  -1
5282  93808
5283  -1
5284  -1
5285  -1
5286  93809
5287  -1
5288  -1
5289  93810
5290  93811
5291  -1
5292  93812
5293  93813
5294  93814
5295  -1
5296  93815
5297  93816
5298  -1
5299  -1
5300  -1
5301  -1
5302  -1
5303  -1
5304  93817
5305  93818
5306  -1
5307  -1
5308  -1
5309  -1
5310  -1
5311  93819
5312  -1
5313  -1
5314  -1
5315  -1
5316  -1
5317  -1
5318  -1
5319  93820
5320  -1
5321  -1
5322  93821
5323  -1
5324  93822
5325  -1
5326  -1
5327  93823
5328  93824
5329  -1
5330  -1
5331  -1
5332  93825
5333  -1
5334  -1
5335  93826
5336  -1
5337  -1
5338  -1
5339  -1
5340  -1
5341  -1
5342  -1
5343  -1
5344  -1
5345  -1
5346  93827
5347  -1
5348  93828
5349  93829
5350  -1
5351  -1
5352  -1
5353  -1
5354  93830
5355  -1
5356  -1
5357  93831
5358  -1
5359  -1
5360  93832
5361  -1
5362  -1
5363  -1
5364  -1
5365  93833
5366  -1
5367  -1
5368  -1
5369  -1
5370  93834
5371  93835
5372  -1
5373  93836
5374  -1
5375  -1
5376  -1
5377  -1
5378  -1
5379  -1
5380  -1
5381  -1
5382  -1
5383  -1
5384  -1
5385  93837
5386  93838
5387  -1
5388  -1
5389  93839
5390  -1
5391  93840
5392  -1
5393  93841
5394  -1
5395  -1
5396  -1
5397  -1
5398  -1
5399  -1
5400  -1
5401  -1
5402  -1
5403  93842
5404  93843
5405  -1
5406  -1
5407  -1
5408  -1
5409  93844
5410  93845
5411  -1
5412  93846
5413  -1
5414  -1
5415  93847
5416  93848
5417  93849
5418  -1
5419  93850
5420  93851
5421  -1
5422  93852
5423  -1
5424  -1
5425  -1
5426  93853
5427  -1
5428  -1
5429  -1
5430  93854
5431  -1
5432  -1
5433  93855
5434  -1
5435  -1
5436  -1
5437  93856
5438  93857
5439  93858
5440  -1
5441  -1
5442  -1
5443  -1
5444  -1
5445  93859
5446  -1
5447  93860
5448  -1
5449  -1
5450  93861
5451  93862
5452  -1
5453  -1
5454  93863
5455  -1
5456  93864
5457  93865
5458  -1
5459  -1
5460  -1
5461  93866
5462  -1
5463  93867
5464  -1
5465  -1
5466  -1
5467  -1
5468  -1
5469  -1
5470  -1
5471  93868
5472  -1
5473  -1
5474  -1
5475  -1
5476  93869
5477  -1
5478  -1
5479  -1
5480  -1
5481  -1
5482  -1
5483  -1
5484  93870
5485  -1
5486  93871
5487  -1
5488  -1
5489  93872
5490  -1
5491  -1
5492  -1
5493  -1
5494  -1
5495  -1
5496  -1
5497  -1
5498  93873
5499  -1
5500  -1
5501  93874
5502  -1
5503  93875
5504  93876
5505  -1
5506  -1
5507  93877
5508  -1
5509  -1
5510  -1
5511  -1
5512  -1
5513  -1
5514  -1
5515  -1
5516  -1
5517  -1
5518  -1
5519  93878
5520  -1
5521  -1
5522  93879
5523  -1
5524  -1
5525  -1
5526  -1
5527  93880
5528  -1
5529  93881
5530  -1
5531  -1
5532  -1
5533  -1
5534  -1
5535  -1
5536  -1
5537  93882
5538  -1
5539  -1
5540  -1
5541  -1
5542  -1
5543  -1
5544  -1
5545  -1
5546  -1
5547  -1
5548  -1
5549  -1
5550  -1
5551  -1
5552  93883
5553  -1
5554  -1
5555  -1
5556  -1
5557  -1
5558  93884
5559  -1
5560  93885
5561  93886
5562  -1
5563  -1
5564  -1
5565  -1
5566  93887
5567  93888
5568  -1
5569  -1
5570  -1
5571  -1
5572  93889
5573  -1
5574  -1
5575  93890
5576  -1
5577  -1
5578  93891
5579  93892
5580  -1
5581  -1
5582  -1
5583  93893
5584  -1
5585  -1
5586  -1
5587  -1
5588  -1
5589  -1
5590  -1
5591  93894
5592  -1
5593  -1
5594  93895
5595  -1
5596  93896
5597  -1
5598  -1
5599  93897
5600  -1
5601  93898
5602  -1
5603  -1
5604  -1
5605  93899
5606  93900
5607  -1
5608  93901
5609  -1
5610  -1
5611  -1
5612  -1
5613  -1
5614  -1
5615  -1
5616  93902
5617  -1
5618  -1
5619  -1
5620  -1
5621  -1
5622  -1
5623  -1
5624  93903
5625  -1
5626  -1
5627  -1
5628  -1
5629  93904
5630  -1
5631  -1
5632  93905
5633  93906
5634  -1
5635  93907
5636  -1
5637  -1
5638  -1
5639  -1
5640  -1
5641  -1
5642  93908
5643  93909
5644  -1
5645  -1
5646  -1
5647  93910
5648  -1
5649  -1
5650  93911
5651  93912
5652  93913
5653  -1
5654  -1
5655  93914
5656  -1
5657  93915
5658  -1
5659  -1
5660  -1
5661  -1
5662  -1
5663  -1
5664  -1
5665  -1
5666  -1
5667  -1
5668  -1
5669  -1
5670  -1
5671  -1
5672  -1
5673  93916
5674  93917
5675  -1
5676  -1
5677  -1
5678  -1
5679  93918
5680  93919
5681  93920
5682  93921
5683  93922
5684  93923
5685  93924
5686  -1
5687  -1
5688  93925
5689  -1
5690  -1
5691  -1
5692  -1
5693  -1
5694  -1
5695  -1
5696  -1
5697  93926
5698  -1
5699  -1
5700  -1
5701  -1
5702  93927
5703  93928
5704  -1
5705  -1
5706  -1
5707  -1
5708  -1
5709  -1
5710  -1
5711  93929
5712  -1
5713  93930
5714  -1
5715  -1
5716  93931
5717  -1
5718  -1
5719  -1
5720  -1
5721  93932
5722  93933
5723  -1
5724  -1
5725  93934
5726  93935
5727  -1
5728  -1
5729  -1
5730  -1
5731  93936
5732  93937
5733  -1
5734  -1
5735  -1
5736  -1
5737  -1
5738  93938
5739  -1
5740  93939
5741  -1
5742  93940
5743  -1
5744  -1
5745  -1
5746  93941
5747  -1
5748  93942
5749  -1
5750  -1
5751  93943
5752  93944
5753  93945
5754  -1
5755  -1
5756  -1
5757  -1
5758  -1
5759  -1
5760  -1
5761  -1
5762  -1
5763  -1
5764  -1
5765  -1
5766  -1
5767  -1
5768  -1
5769  93946
5770  93947
5771  -1
5772  -1
5773  -1
5774  -1
5775  -1
5776  93948
5777  -1
5778  -1
5779  -1
5780  -1
5781  93949
5782  -1
5783  -1
5784  -1
5785  93950
5786  -1
5787  -1
5788  -1
5789  -1
5790  93951
5791  -1
5792  -1
5793  -1
5794  -1
5795  -1
5796  93952
5797  -1
5798  93953
5799  -1
5800  -1
5801  93954
5802  93955
5803  93956
5804  -1
5805  93957
5806  93958
5807  -1
5808  -1
5809  -1
5810  -1
5811  -1
5812  -1
5813  -1
5814  -1
5815  93959
5816  -1
5817  93960
5818  -1
5819  -1
5820  -1
5821  -1
5822  -1
5823  93961
5824  -1
5825  -1
5826  -1
5827  -1
5828  93962
5829  93963
5830  -1
5831  -1
5832  -1
5833  -1
5834  -1
5835  -1
5836  -1
5837  93964
5838  -1
5839  -1
5840  -1
5841  -1
5842  93965
5843  -1
5844  -1
5845  -1
5846  -1
5847  -1
5848  93966
5849  -1
5850  93967
5851  -1
5852  -1
5853  93968
5854  -1
5855  -1
5856  -1
5857  -1
5858  93969
5859  -1
5860  -1
5861  93970
5862  -1
5863  -1
5864  -1
5865  -1
5866  -1
5867  -1
5868  -1
5869  -1
5870  -1
5871  -1
5872  93971
5873  -1
5874  93972
5875  93973
5876  93974
5877  -1
5878  -1
5879  93975
5880  -1
5881  -1
5882  -1
5883  93976
5884  93977
5885  -1
5886  -1
5887  -1
5888  93978
5889  -1
5890  -1
5891  -1
5892  -1
5893  93979
5894  -1
5895  93980
5896  -1
5897  -1
5898  -1
5899  -1
5900  -1
5901  93981
5902  -1
5903  -1
5904  -1
5905  -1
5906  93982
5907  -1
5908  93983
5909  93984
5910  -1
5911  93985
5912  -1
5913  -1
5914  -1
5915  -1
5916  93986
5917  93987
5918  93988
5919  93989
5920  -1
5921  -1
5922  93990
5923  -1
5924  -1
5925  -1
5926  -1
5927  -1
5928  -1
5929  93991
5930  -1
5931  -1
5932  -1
5933  93992
5934  -1
5935  -1
5936  -1
5937  -1
5938  -1
5939  -1
5940  -1
5941  -1
5942  -1
5943  -1
5944  -1
5945  93993
5946  93994
5947  93995
5948  -1
5949  93996
5950  -1
5951  93997
5952  93998
5953  93999
5954  -1
5955  -1
5956  94000
5957  -1
5958  -1
5959  -1
5960  94001
5961  94002
5962  94003
5963  94004
5964  94005
5965  -1
5966  94006
5967  -1
5968  -1
5969  -1
5970  94007
5971  -1
5972  -1
5973  94008
5974  94009
5975  94010
5976  94011
5977  -1
5978  -1
5979  -1
5980  -1
5981  -1
5982  -1
5983  -1
5984  -1
5985  -1
5986  -1
5987  -1
5988  94012
5989  94013
5990  -1
5991  -1
5992  -1
5993  94014
5994  -1
5995  94015
5996  -1
5997  -1
5998  -1
5999  -1
6000  -1
6001  -1
6002  -1
6003  -1
6004  -1
6005  -1
6006  -1
6007  -1
6008  -1
6009  -1
6010  -1
6011  -1
6012  -1
6013  -1
6014  94016
6015  -1
6016  -1
6017  -1
6018  -1
6019  -1
6020  94017
6021  94018
6022  94019
6023  -1
6024  -1
6025  -1
6026  -1
6027  -1
6028  -1
6029  -1
6030  -1
6031  -1
6032  -1
6033  94020
6034  -1
6035  94021
6036  -1
6037  94022
6038  -1
6039  -1
6040  94023
6041  94024
6042  -1
6043  94025
6044  -1
6045  -1
6046  94026
6047  -1
6048  -1
6049  -1
6050  94027
6051  -1
6052  94028
6053  94029
6054  -1
6055  -1
6056  -1
6057  -1
6058  -1
6059  -1
6060  94030
6061  -1
6062  -1
6063  -1
6064  -1
6065  94031
6066  94032
6067  -1
6068  -1
6069  -1
6070  -1
6071  -1
6072  -1
6073  -1
6074  94033
6075  -1
6076  -1
6077  -1
6078  -1
6079  94034
6080  -1
6081  -1
6082  -1
6083  -1
6084  -1
6085  -1
6086  94035
6087  -1
6088  -1
6089  -1
6090  -1
6091  -1
6092  -1
6093  94036
6094  -1
6095  -1
6096  -1
6097  -1
6098  94037
6099  -1
6100  94038
6101  -1
6102  -1
6103  -1
6104  94039
6105  -1
6106  94040
6107  -1
6108  -1
6109  -1
6110  94041
6111  -1
6112  -1
6113  94042
6114  -1
6115  -1
6116  -1
6117  -1
6118  -1
6119  -1
6120  -1
6121  -1
6122  94043
6123  -1
6124  -1
6125  -1
6126  -1
6127  -1
6128  94044
6129  94045
6130  -1
6131  94046
6132  -1
6133  94047
6134  -1
6135  -1
6136  94048
6137  -1
6138  -1
6139  -1
6140  -1
6141  -1
6142  -1
6143  -1
6144  -1
6145  -1
6146  94049
6147  -1
6148  -1
6149  -1
6150  94050
6151  -1
6152  -1
6153  -1
6154  94051
6155  94052
6156  -1
6157  94053
6158  94054
6159  94055
6160  94056
6161  94057
6162  -1
6163  -1
6164  -1
6165  -1
6166  94058
6167  -1
6168  -1
6169  -1
6170  -1
6171  -1
6172  -1
6173  94059
6174  94060
6175  -1
6176  -1
6177  94061
6178  -1
6179  94062
6180  -1
6181  -1
6182  -1
6183  -1
6184  -1
6185  -1
6186  -1
6187  94063
6188  94064
6189  94065
6190  -1
6191  -1
6192  -1
6193  -1
6194  94066
6195  -1
6196  -1
6197  94067
6198  -1
6199  -1
6200  -1
6201  -1
6202  -1
6203  -1
6204  94068
6205  -1
6206  -1
6207  94069
6208  -1
6209  -1
6210  94070
6211  94071
6212  -1
6213  94072
6214  -1
6215  -1
6216  -1
6217  -1
6218  -1
6219  -1
6220  94073
6221  -1
6222  94074
6223  -1
6224  -1
6225  -1
6226  94075
6227  94076
6228  -1
6229  -1
6230  -1
6231  94077
6232  -1
6233  -1
6234  -1
6235  -1
6236  -1
6237  94078
6238  94079
6239  -1
6240  -1
6241  -1
6242  -1
6243  -1
6244  -1
6245  94080
6246  94081
6247  94082
6248  94083
6249  94084
6250  -1
6251  -1
6252  -1
6253  -1
6254  -1
6255  -1
6256  94085
6257  94086
6258  -1
6259  -1
6260  -1
6261  -1
6262  -1
6263  -1
6264  -1
6265  94087
6266  -1
6267  -1
6268  94088
6269  -1
6270  -1
6271  94089
6272  -1
6273  -1
6274  94090
6275  -1
6276  -1
6277  -1
6278  -1
6279  -1
6280  94091
6281  -1
6282  -1
6283  -1
6284  -1
6285  94092
6286  -1
6287  94093
6288  -1
6289  -1
6290  -1
6291  94094
6292  -1
6293  -1
6294  -1
6295  -1
6296  -1
6297  94095
6298  94096
6299  94097
6300  -1
6301  94098
6302  -1
6303  -1
6304  94099
6305  -1
6306  -1
6307  -1
6308  94100
6309  -1
6310  -1
6311  -1
6312  -1
6313  -1
6314  -1
6315  94101
6316  94102
6317  -1
6318  94103
6319  -1
6320  -1
6321  -1
6322  -1
6323  94104
6324  -1
6325  -1
6326  -1
6327  -1
6328  -1
6329  -1
6330  -1
6331  94105
6332  94106
6333  -1
6334  -1
6335  94107
6336  -1
6337  -1
6338  -1
6339  -1
6340  94108
6341  -1
6342  -1
6343  -1
6344  94109
6345  -1
6346  94110
6347  -1
6348  94111
6349  -1
6350  -1
6351  94112
6352  94113
6353  94114
6354  94115
6355  -1
6356  94116
6357  -1
6358  -1
6359  -1
6360  -1
6361  -1
6362  -1
6363  -1
6364  -1
6365  -1
6366  94117
6367  -1
6368  -1
6369  94118
6370  -1
6371  -1
6372  -1
6373  -1
6374  -1
6375  -1
6376  -1
6377  -1
6378  94119
6379  94120
6380  -1
6381  -1
6382  -1
6383  -1
6384  94121
6385  -1
6386  -1
6387  -1
6388  94122
6389  -1
6390  -1
6391  -1
6392  -1
6393  -1
6394  94123
6395  -1
6396  94124
6397  -1
6398  -1
6399  -1
6400  -1
6401  -1
6402  -1
6403  94125
6404  -1
6405  -1
6406  -1
6407  94126
6408  -1
6409  -1
6410  94127
6411  -1
6412  -1
6413  -1
6414  -1
6415  -1
6416  94128
6417  -1
6418  94129
6419  -1
6420  -1
6421  -1
6422  94130
6423  -1
6424  -1
6425  -1
6426  -1
6427  -1
6428  -1
6429  -1
6430  -1
6431  94131
6432  -1
6433  -1
6434  -1
6435  94132
6436  94133
6437  94134
6438  -1
6439  -1
6440  94135
6441  -1
6442  -1
6443  94136
6444  -1
6445  -1
6446  -1
6447  -1
6448  -1
6449  -1
6450  -1
6451  94137
6452  -1
6453  94138
6454  -1
6455  94139
6456  94140
6457  -1
6458  94141
6459  -1
6460  -1
6461  94142
6462  94143
6463  94144
6464  -1
6465  94145
6466  -1
6467  94146
6468  94147
6469  -1
6470  -1
6471  -1
6472  -1
6473  -1
6474  -1
6475  94148
6476  -1
6477  -1
6478  94149
6479  94150
6480  94151
6481  -1
6482  -1
6483  -1
6484  -1
6485  -1
6486  -1
6487  -1
6488  94152
6489  94153
6490  -1
6491  94154
6492  -1
6493  -1
6494  -1
6495  -1
6496  -1
6497  94155
6498  -1
6499  -1
6500  -1
6501  -1
6502  94156
6503  94157
6504  -1
6505  -1
6506  94158
6507  -1
6508  94159
6509  -1
6510  -1
6511  -1
6512  94160
6513  94161
6514  -1
6515  -1
6516  -1
6517  -1
6518  -1
6519  94162
6520  94163
6521  -1
6522  94164
6523  -1
6524  -1
6525  -1
6526  -1
6527  -1
6528  -1
6529  -1
6530  -1
6531  94165
6532  -1
6533  94166
6534  94167
6535  -1
6536  -1
6537  94168
6538  -1
6539  -1
6540  -1
6541  -1
6542  -1
6543  -1
6544  -1
6545  -1
6546  -1
6547  -1
6548  -1
6549  -1
6550  94169
6551  94170
6552  94171
6553  -1
6554  -1
6555  -1
6556  -1
6557  94172
6558  -1
6559  -1
6560  94173
6561  -1
6562  -1
6563  94174
6564  -1
6565  -1
6566  -1
6567  94175
6568  -1
6569  -1
6570  -1
6571  -1
6572  -1
6573  -1
6574  -1
6575  94176
6576  94177
6577  -1
6578  -1
6579  94178
6580  -1
6581  -1
6582  -1
6583  -1
6584  94179
6585  94180
6586  -1
6587  -1
6588  -1
6589  -1
6590  94181
6591  -1
6592  -1
6593  -1
6594  -1
6595  94182
6596  94183
6597  -1
6598  -1
6599  -1
6600  -1
6601  -1
6602  -1
6603  -1
6604  94184
6605  -1
6606  -1
6607  94185
6608  -1
6609  -1
6610  94186
6611  -1
6612  -1
6613  -1
6614  94187
6615  -1
6616  94188
6617  -1
6618  -1
6619  -1
6620  94189
6621  94190
6622  94191
6623  94192
6624  -1
6625  94193
6626  -1
6627  94194
6628  94195
6629  94196
6630  -1
6631  94197
6632  94198
6633  -1
6634  -1
6635  -1
6636  -1
6637  94199
6638  -1
6639  -1
6640  -1
6641  94200
6642  -1
6643  -1
6644  -1
6645  -1
6646  -1
6647  -1
6648  -1
6649  -1
6650  -1
6651  -1
6652  -1
6653  -1
6654  94201
6655  -1
6656  -1
6657  -1
6658  -1
6659  -1
6660  -1
6661  -1
6662  -1
6663  -1
6664  -1
6665  -1
6666  -1
6667  -1
6668  94202
6669  -1
6670  -1
6671  -1
6672  -1
6673  -1
6674  94203
6675  -1
6676  -1
6677  -1
6678  94204
6679  94205
6680  -1
6681  -1
6682  -1
6683  94206
6684  -1
6685  -1
6686  -1
6687  -1
6688  94207
6689  -1
6690  -1
6691  -1
6692  94208
6693  94209
6694  -1
6695  94210
6696  -1
6697  -1
6698  -1
6699  94211
6700  -1
6701  94212
6702  -1
6703  -1
6704  -1
6705  94213
6706  94214
6707  -1
6708  94215
6709  -1
6710  -1
6711  -1
6712  -1
6713  -1
6714  -1
6715  -1
6716  -1
6717  -1
6718  -1
6719  -1
6720  94216
6721  -1
6722  -1
6723  -1
6724  -1
6725  -1
6726  -1
6727  -1
6728  94217
6729  -1
6730  -1
6731  94218
6732  -1
6733  -1
6734  -1
6735  94219
6736  -1
6737  94220
6738  -1
6739  -1
6740  94221
6741  94222
6742  -1
6743  -1
6744  -1
6745  94223
6746  -1
6747  -1
6748  94224
6749  94225
6750  -1
6751  -1
6752  -1
6753  94226
6754  -1
6755  -1
6756  -1
6757  -1
6758  94227
6759  -1
6760  -1
6761  -1
6762  -1
6763  -1
6764  -1
6765  94228
6766  -1
6767  94229
6768  -1
6769  94230
6770  94231
6771  -1
6772  -1
6773  94232
6774  -1
6775  -1
6776  94233
6777  -1
6778  94234
6779  -1
6780  -1
6781  94235
6782  94236
6783  -1
6784  -1
6785  94237
6786  -1
6787  -1
6788  -1
6789  94238
6790  -1
6791  -1
6792  94239
6793  -1
6794  -1
6795  -1
6796  -1
6797  -1
6798  -1
6799  -1
6800  -1
6801  -1
6802  -1
6803  -1
6804  94240
6805  -1
6806  -1
6807  94241
6808  -1
6809  -1
6810  -1
6811  -1
6812  -1
6813  94242
6814  -1
6815  94243
6816  -1
6817  -1
6818  -1
6819  -1
6820  94244
6821  -1
6822  94245
6823  -1
6824  -1
6825  -1
6826  94246
6827  -1
6828  -1
6829  -1
6830  -1
6831  -1
6832  94247
6833  -1
6834  -1
6835  -1
6836  -1
6837  -1
6838  -1
6839  -1
6840  -1
6841  94248
6842  94249
6843  -1
6844  -1
6845  94250
6846  -1
6847  -1
6848  -1
6849  -1
6850  -1
6851  -1
6852  -1
6853  94251
6854  -1
6855  -1
6856  -1
6857  -1
6858  -1
6859  -1
6860  -1
6861  -1
6862  -1
6863  94252
6864  94253
6865  94254
6866  -1
6867  -1
6868  94255
6869  -1
6870  -1
6871  94256
6872  -1
6873  94257
6874  94258
6875  -1
6876  -1
6877  94259
6878  94260
6879  94261
6880  94262
6881  -1
6882  -1
6883  -1
6884  94263
6885  -1
6886  94264
6887  -1
6888  -1
6889  -1
6890  -1
6891  -1
6892  -1
6893  -1
6894  -1
6895  -1
6896  94265
6897  -1
6898  -1
6899  94266
6900  -1
6901  -1
6902  -1
6903  94267
6904  -1
6905  -1
6906  -1
6907  -1
6908  -1
6909  94268
6910  -1
6911  -1
6912  -1
6913  94269
6914  -1
6915  -1
6916  -1
6917  -1
6918  94270
6919  -1
6920  -1
6921  -1
6922  -1
6923  94271
6924  94272
6925  -1
6926  -1
6927  94273
6928  94274
6929  -1
6930  -1
6931  -1
6932  94275
6933  94276
6934  -1
6935  -1
6936  94277
6937  94278
6938  -1
6939  -1
6940  -1
6941  -1
6942  94279
6943  -1
6944  -1
6945  94280
6946  -1
6947  -1
6948  -1
6949  -1
6950  -1
6951  94281
6952  -1
6953  -1
6954  94282
6955  -1
6956  94283
6957  -1
6958  -1
6959  -1
6960  -1
6961  -1
6962  94284
6963  -1
6964  -1
6965  -1
6966  -1
6967  94285
6968  -1
6969  -1
6970  -1
6971  -1
6972  -1
6973  94286
6974  -1
6975  -1
6976  94287
6977  -1
6978  94288
6979  94289
6980  -1
6981  -1
6982  -1
6983  -1
6984  94290
6985  94291
6986  -1
6987  -1
6988  -1
6989  -1
6990  -1
6991  94292
6992  -1
6993  -1
6994  -1
6995  94293
6996  -1
6997  -1
6998  -1
6999  -1
7000  -1
7001  -1
7002  94294
7003  -1
7004  -1
7005  94295
7006  -1
7007  -1
7008  -1
7009  -1
7010  94296
7011  -1
7012  -1
7013  94297
7014  -1
7015  -1
7016  -1
7017  94298
7018  -1
7019  94299
7020  94300
7021  94301
7022  -1
7023  -1
7024  94302
7025  -1
7026  -1
7027  -1
7028  -1
7029  -1
7030  94303
7031  94304
7032  -1
7033  -1
7034  94305
7035  94306
7036  -1
7037  94307
7038  -1
7039  -1
7040  -1
7041  94308
7042  -1
7043  -1
7044  94309
7045  -1
7046  94310
7047  -1
7048  -1
7049  -1
7050  -1
7051  -1
7052  94311
7053  -1
7054  -1
7055  94312
7056  -1
7057  -1
7058  94313
7059  -1
7060  94314
7061  -1
7062  94315
7063  -1
7064  94316
7065  94317
7066  -1
7067  94318
7068  94319
7069  94320
7070  94321
7071  -1
7072  -1
7073  -1
7074  -1
7075  -1
7076  -1
7077  -1
7078  -1
7079  -1
7080  -1
7081  94322
7082  -1
7083  -1
7084  94323
7085  94324
7086  94325
7087  94326
7088  -1
7089  -1
7090  -1
7091  -1
7092  -1
7093  -1
7094  -1
7095  94327
7096  -1
7097  -1
7098  94328
7099  -1
7100  -1
7101  94329
7102  -1
7103  -1
7104  -1
7105  -1
7106  94330
7107  94331
7108  -1
7109  -1
7110  -1
7111  94332
7112  94333
7113  -1
7114  -1
7115  -1
7116  -1
7117  -1
7118  94334
7119  -1
7120  -1
7121  -1
7122  -1
7123  94335
7124  94336
7125  94337
7126  -1
7127  94338
7128  -1
7129  -1
7130  -1
7131  -1
7132  94339
7133  -1
7134  -1
7135  -1
7136  94340
7137  94341
7138  -1
7139  -1
7140  -1
7141  94342
7142  94343
7143  -1
7144  -1
7145  -1
7146  94344
7147  94345
7148  -1
7149  94346
7150  -1
7151  94347
7152  -1
7153  -1
7154  94348
7155  -1
7156  94349
7157  -1
7158  -1
7159  94350
7160  94351
7161  -1
7162  -1
7163  94352
7164  94353
7165  -1
7166  94354
7167  -1
7168  94355
7169  94356
7170  94357
7171  -1
7172  -1
7173  -1
7174  -1
7175  -1
7176  -1
7177  -1
7178  -1
7179  -1
7180  -1
7181  -1
7182  -1
7183  94358
7184  94359
7185  -1
7186  94360
7187  -1
7188  94361
7189  -1
7190  -1
7191  -1
7192  -1
7193  -1
7194  -1
7195  -1
7196  94362
7197  -1
7198  -1
7199  -1
7200  -1
7201  -1
7202  -1
7203  94363
7204  -1
7205  94364
7206  -1
7207  94365
7208  94366
7209  94367
7210  94368
7211  94369
7212  -1
7213  -1
7214  94370
7215  -1
7216  -1
7217  -1
7218  -1
7219  -1
7220  -1
7221  -1
7222  94371
7223  94372
7224  -1
7225  94373
7226  -1
7227  94374
7228  -1
7229  -1
7230  -1
7231  -1
7232  -1
7233  -1
7234  -1
7235  -1
7236  -1
7237  94375
7238  -1
7239  -1
7240  -1
7241  -1
7242  -1
7243  94376
7244  -1
7245  -1
7246  -1
7247  94377
7248  94378
7249  94379
7250  94380
7251  94381
7252  -1
7253  -1
7254  94382
7255  94383
7256  -1
7257  -1
7258  -1
7259  -1
7260  -1
7261  -1
7262  94384
7263  -1
7264  94385
7265  94386
7266  -1
7267  -1
7268  94387
7269  94388
7270  -1
7271  94389
7272  94390
7273  -1
7274  -1
7275  94391
7276  -1
7277  94392
7278  94393
7279  -1
7280  -1
7281  -1
7282  -1
7283  -1
7284  -1
7285  -1
7286  94394
7287  94395
7288  94396
7289  -1
7290  94397
7291  -1
7292  -1
7293  94398
7294  -1
7295  -1
7296  -1
7297  -1
7298  -1
7299  -1
7300  -1
7301  -1
7302  94399
7303  -1
7304  94400
7305  -1
7306  94401
7307  94402
7308  94403
7309  -1
7310  -1
7311  94404
7312  -1
7313  -1
7314  -1
7315  94405
7316  -1
7317  -1
7318  -1
7319  -1
7320  94406
7321  94407
7322  -1
7323  94408
7324  -1
7325  94409
7326  -1
7327  94410
7328  94411
7329  -1
7330  -1
7331  -1
7332  -1
7333  94412
7334  -1
7335  94413
7336  -1
7337  94414
7338  -1
7339  94415
7340  -1
7341  -1
7342  94416
7343  -1
7344  -1
7345  -1
7346  -1
7347  -1
7348  94417
7349  94418
7350  -1
7351  -1
7352  -1
7353  -1
7354  -1
7355  -1
7356  -1
7357  -1
7358  -1
7359  94419
7360  -1
7361  94420
7362  94421
7363  -1
7364  94422
7365  -1
7366  -1
7367  -1
7368  -1
7369  -1
7370  94423
7371  -1
7372  -1
7373  -1
7374  -1
7375  -1
7376  -1
7377  -1
7378  -1
7379  -1
7380  -1
7381  -1
7382  -1
7383  -1
7384  -1
7385  94424
7386  -1
7387  -1
7388  -1
7389  -1
7390  -1
7391  -1
7392  -1
7393  94425
7394  -1
7395  -1
7396  -1
7397  -1
7398  94426
7399  94427
7400  94428
7401  94429
7402  -1
7403  -1
7404  94430
7405  94431
7406  -1
7407  94432
7408  94433
7409  -1
7410  -1
7411  -1
7412  94434
7413  94435
7414  -1
7415  94436
7416  94437
7417  94438
7418  -1
7419  -1
7420  -1
7421  94439
7422  94440
7423  -1
7424  94441
7425  -1
7426  -1
7427  -1
7428  -1
7429  -1
7430  -1
7431  -1
7432  94442
7433  -1
7434  -1
7435  94443
7436  -1
7437  -1
7438  -1
7439  -1
7440  94444
7441  -1
7442  -1
7443  -1
7444  94445
7445  -1
7446  -1
7447  94446
7448  94447
7449  -1
7450  -1
7451  94448
7452  -1
7453  -1
7454  94449
7455  -1
7456  -1
7457  94450
7458  94451
7459  -1
7460  -1
7461  -1
7462  -1
7463  94452
7464  94453
7465  -1
7466  -1
7467  -1
7468  -1
7469  -1
7470  -1
7471  -1
7472  94454
7473  94455
7474  -1
7475  -1
7476  -1
7477  -1
7478  -1
7479  -1
7480  94456
7481  94457
7482  94458
7483  -1
7484  94459
7485  94460
7486  -1
7487  -1
7488  -1
7489  94461
7490  -1
7491  -1
7492  -1
7493  94462
7494  -1
7495  -1
7496  94463
7497  94464
7498  -1
7499  -1
7500  -1
7501  -1
7502  94465
7503  94466
7504  -1
7505  94467
7506  -1
7507  94468
7508  94469
7509  -1
7510  -1
7511  -1
7512  -1
7513  -1
7514  94470
7515  -1
7516  -1
7517  -1
7518  -1
7519  -1
7520  94471
7521  94472
7522  -1
7523  -1
7524  -1
7525  -1
7526  94473
7527  -1
7528  94474
7529  94475
7530  -1
7531  94476
7532  94477
7533  -1
7534  94478
7535  -1
7536  -1
7537  -1
7538  -1
7539  94479
7540  -1
7541  -1
7542  -1
7543  94480
7544  94481
7545  -1
7546  -1
7547  -1
7548  94482
7549  94483
7550  94484
7551  94485
7552  -1
7553  94486
7554  -1
7555  94487
7556  -1
7557  -1
7558  -1
7559  94488
7560  -1
7561  -1
7562  -1
7563  94489
7564  -1
7565  -1
7566  -1
7567  -1
7568  94490
7569  -1
7570  94491
7571  -1
7572  -1
7573  -1
7574  -1
7575  94492
7576  -1
7577  94493
7578  94494
7579  94495
7580  -1
7581  -1
7582  -1
7583  -1
7584  -1
7585  94496
7586  -1
7587  94497
7588  -1
7589  -1
7590  -1
7591  94498
7592  -1
7593  -1
7594  94499
7595  94500
7596  -1
7597  -1
7598  -1
7599  -1
7600  -1
7601  -1
7602  -1
7603  -1
7604  -1
7605  -1
7606  -1
7607  94501
7608  94502
7609  94503
7610  -1
7611  -1
7612  -1
7613  -1
7614  -1
7615  -1
7616  -1
7617  94504
7618  -1
7619  -1
7620  -1
7621  -1
7622  -1
7623  -1
7624  -1
7625  -1
7626  -1
7627  -1
7628  -1
7629  -1
7630  -1
7631  -1
7632  -1
7633  -1
7634  94505
7635  -1
7636  -1
7637  -1
7638  -1
7639  -1
7640  94506
7641  94507
7642  94508
7643  94509
7644  94510
7645  -1
7646  -1
7647  94511
7648  94512
7649  -1
7650  -1
7651  -1
7652  -1
7653  94513
7654  94514
7655  -1
7656  -1
7657  94515
7658  -1
7659  94516
7660  94517
7661  94518
7662  -1
7663  -1
7664  94519
7665  -1
7666  -1
7667  94520
7668  -1
7669  -1
7670  -1
7671  -1
7672  94521
7673  -1
7674  -1
7675  -1
7676  -1
7677  94522
7678  -1
7679  -1
7680  -1
7681  -1
7682  -1
7683  -1
7684  94523
7685  -1
7686  94524
7687  -1
7688  94525
7689  -1
7690  94526
7691  -1
7692  -1
7693  -1
7694  -1
7695  -1
7696  -1
7697  -1
7698  -1
7699  -1
7700  94527
7701  -1
7702  -1
7703  94528
7704  94529
7705  94530
7706  -1
7707  -1
7708  -1
7709  94531
7710  -1
7711  94532
7712  -1
7713  94533
7714  -1
7715  -1
7716  94534
7717  -1
7718  -1
7719  94535
7720  94536
7721  -1
7722  -1
7723  -1
7724  -1
7725  -1
7726  -1
7727  -1
7728  -1
7729  -1
7730  -1
7731  -1
7732  94537
7733  -1
7734  -1
7735  -1
7736  -1
7737  -1
7738  -1
7739  -1
7740  -1
7741  -1
7742  94538
7743  -1
7744  94539
7745  -1
7746  -1
7747  -1
7748  94540
7749  -1
7750  94541
7751  94542
7752  -1
7753  94543
7754  -1
7755  -1
7756  94544
7757  -1
7758  94545
7759  -1
7760  94546
7761  94547
7762  -1
7763  -1
7764  -1
7765  -1
7766  94548
7767  -1
7768  -1
7769  94549
7770  -1
7771  -1
7772  -1
7773  -1
7774  -1
7775  -1
7776  -1
7777  -1
7778  94550
7779  -1
7780  -1
7781  -1
7782  -1
7783  94551
7784  -1
7785  -1
7786  94552
7787  94553
7788  94554
7789  -1
7790  -1
7791  -1
7792  -1
7793  -1
7794  -1
7795  94555
7796  94556
7797  94557
7798  94558
7799  -1
7800  94559
7801  94560
7802  -1
7803  -1
7804  -1
7805  94561
7806  -1
7807  94562
7808  -1
7809  -1
7810  -1
7811  94563
7812  -1
7813  -1
7814  -1
7815  -1
7816  -1
7817  -1
7818  -1
7819  -1
7820  -1
7821  94564
7822  -1
7823  -1
7824  94565
7825  -1
7826  -1
7827  -1
7828  -1
7829  -1
7830  -1
7831  -1
7832  94566
7833  -1
7834  -1
7835  -1
7836  -1
7837  -1
7838  -1
7839  94567
7840  -1
7841  -1
7842  94568
7843  -1
7844  94569
7845  -1
7846  -1
7847  94570
7848  -1
7849  94571
7850  -1
7851  94572
7852  -1
7853  -1
7854  94573
7855  -1
7856  -1
7857  -1
7858  -1
7859  -1
7860  -1
7861  94574
7862  -1
7863  -1
7864  -1
7865  94575
7866  -1
7867  -1
7868  -1
7869  94576
7870  -1
7871  -1
7872  -1
7873  -1
7874  -1
7875  -1
7876  94577
7877  -1
7878  -1
7879  -1
7880  94578
7881  -1
7882  94579
7883  94580
7884  -1
7885  94581
7886  -1
7887  -1
7888  -1
7889  -1
7890  -1
7891  -1
7892  -1
7893  -1
7894  -1
7895  94582
7896  94583
7897  -1
7898  -1
7899  -1
7900  -1
7901  -1
7902  94584
7903  94585
7904  -1
7905  94586
7906  -1
7907  94587
7908  -1
7909  94588
7910  94589
7911  -1
7912  -1
7913  -1
7914  -1
7915  -1
7916  -1
7917  -1
7918  -1
7919  -1
7920  94590
7921  -1
7922  94591
7923  -1
7924  -1
7925  94592
7926  -1
7927  94593
7928  94594
7929  -1
7930  94595
7931  94596
7932  -1
7933  94597
7934  -1
7935  -1
7936  94598
7937  94599
7938  -1
7939  -1
7940  94600
7941  -1
7942  -1
7943  -1
7944  -1
7945  -1
7946  -1
7947  -1
7948  -1
7949  -1
7950  94601
7951  94602
7952  94603
7953  94604
7954  -1
7955  -1
7956  -1
7957  94605
7958  -1
7959  -1
7960  -1
7961  94606
7962  -1
7963  -1
7964  -1
7965  -1
7966  -1
7967  -1
7968  -1
7969  94607
7970  -1
7971  94608
7972  -1
7973  -1
7974  -1
7975  -1
7976  -1
7977  94609
7978  94610
7979  -1
7980  94611
7981  94612
7982  -1
7983  -1
7984  -1
7985  -1
7986  94613
7987  -1
7988  -1
7989  -1
7990  -1
7991  94614
7992  94615
7993  -1
7994  94616
7995  94617
7996  -1
7997  -1
7998  -1
7999  94618
8000  94619
8001  -1
8002  94620
8003  94621
8004  -1
8005  94622
8006  -1
8007  -1
8008  -1
8009  -1
8010  -1
8011  94623
8012  94624
8013  94625
8014  -1
8015  -1
8016  94626
8017  -1
8018  94627
8019  -1
8020  -1
8021  -1
8022  94628
8023  -1
8024  -1
8025  -1
8026  -1
8027  -1
8028  94629
8029  -1
8030  94630
8031  -1
8032  -1
8033  94631
8034  94632
8035  -1
8036  -1
8037  94633
8038  -1
8039  -1
8040  -1
8041  -1
8042  94634
8043  -1
8044  -1
8045  -1
8046  -1
8047  94635
8048  -1
8049  94636
8050  -1
8051  94637
8052  -1
8053  94638
8054  -1
8055  -1
8056  -1
8057  -1
8058  94639
8059  -1
8060  94640
8061  -1
8062  94641
8063  -1
8064  94642
8065  -1
8066  94643
8067  -1
8068  94644
8069  -1
8070  -1
8071  -1
8072  -1
8073  -1
8074  94645
8075  -1
8076  -1
8077  -1
8078  94646
8079  -1
8080  -1
8081  -1
8082  -1
8083  -1
8084  -1
8085  -1
8086  -1
8087  94647
8088  -1
8089  -1
8090  -1
8091  -1
8092  94648
8093  -1
8094  -1
8095  -1
8096  94649
8097  -1
8098  -1
8099  -1
8100  -1
8101  94650
8102  -1
8103  94651
8104  -1
8105  -1
8106  -1
8107  94652
8108  -1
8109  94653
8110  -1
8111  94654
8112  -1
8113  -1
8114  -1
8115  94655
8116  -1
8117  94656
8118  -1
8119  -1
8120  94657
8121  -1
8122  94658
8123  94659
8124  -1
8125  -1
8126  -1
8127  -1
8128  -1
8129  -1
8130  -1
8131  94660
8132  94661
8133  -1
8134  -1
8135  94662
8136  94663
8137  -1
8138  -1
8139  -1
8140  -1
8141  -1
8142  -1
8143  94664
8144  -1
8145  -1
8146  -1
8147  94665
8148  94666
8149  -1
8150  -1
8151  -1
8152  -1
8153  -1
8154  -1
8155  -1
8156  -1
8157  94667
8158  94668
8159  -1
8160  -1
8161  -1
8162  -1
8163  -1
8164  94669
8165  -1
8166  -1
8167  -1
8168  -1
8169  -1
8170  94670
8171  -1
8172  -1
8173  94671
8174  94672
8175  94673
8176  -1
8177  94674
8178  -1
8179  94675
8180  94676
8181  -1
8182  94677
8183  -1
8184  -1
8185  -1
8186  -1
8187  -1
8188  -1
8189  -1
8190  -1
8191  -1
8192  94678
8193  94679
8194  94680
8195  -1
8196  -1
8197  94681
8198  -1
8199  94682
8200  -1
8201  94683
8202  -1
8203  -1
8204  94684
8205  94685
8206  -1
8207  -1
8208  94686
8209  -1
8210  -1
8211  -1
8212  94687
8213  -1
8214  -1
8215  94688
8216  -1
8217  94689
8218  -1
8219  94690
8220  -1
8221  -1
8222  -1
8223  -1
8224  -1
8225  94691
8226  -1
8227  -1
8228  -1
8229  -1
8230  94692
8231  94693
8232  -1
8233  -1
8234  94694
8235  -1
8236  94695
8237  -1
8238  94696
8239  -1
8240  94697
8241  94698
8242  -1
8243  -1
8244  94699
8245  -1
8246  -1
8247  -1
8248  -1
8249  -1
8250  -1
8251  -1
8252  -1
8253  -1
8254  94700
8255  -1
8256  94701
8257  -1
8258  -1
8259  94702
8260  -1
8261  -1
8262  -1
8263  -1
8264  94703
8265  -1
8266  94704
8267  -1
8268  -1
8269  94705
8270  -1
8271  -1
8272  -1
8273  -1
8274  94706
8275  -1
8276  -1
8277  -1
8278  94707
8279  -1
8280  -1
8281  -1
8282  94708
8283  -1
8284  -1
8285  -1
8286  -1
8287  -1
8288  -1
8289  -1
8290  -1
8291  94709
8292  -1
8293  -1
8294  94710
8295  -1
8296  94711
8297  94712
8298  -1
8299  -1
8300  -1
8301  94713
8302  94714
8303  -1
8304  94715
8305  -1
8306  94716
8307  -1
8308  -1
8309  -1
8310  94717
8311  -1
8312  94718
8313  94719
8314  94720
8315  -1
8316  -1
8317  -1
8318  94721
8319  94722
8320  -1
8321  -1
8322  -1
8323  -1
8324  94723
8325  -1
8326  94724
8327  -1
8328  94725
8329  -1
8330  -1
8331  -1
8332  -1
8333  -1
8334  -1
8335  -1
8336  -1
8337  -1
8338  -1
8339  -1
8340  -1
8341  -1
8342  -1
8343  -1
8344  94726
8345  -1
8346  94727
8347  94728
8348  -1
8349  -1
8350  94729
8351  94730
8352  -1
8353  94731
8354  94732
8355  94733
8356  -1
8357  -1
8358  94734
8359  94735
8360  94736
8361  -1
8362  94737
8363  94738
8364  94739
8365  94740
8366  -1
8367  -1
8368  94741
8369  -1
8370  -1
8371  -1
8372  94742
8373  -1
8374  -1
8375  94743
8376  -1
8377  -1
8378  -1
8379  -1
8380  -1
8381  94744
8382  -1
8383  94745
8384  -1
8385  -1
8386  -1
8387  -1
8388  -1
8389  -1
8390  -1
8391  -1
8392  -1
8393  94746
8394  -1
8395  -1
8396  94747
8397  -1
8398  -1
8399  94748
8400  -1
8401  -1
8402  -1
8403  94749
8404  -1
8405  -1
8406  -1
8407  -1
8408  94750
8409  -1
8410  94751
8411  -1
8412  94752
8413  -1
8414  -1
8415  94753
8416  94754
8417  -1
8418  -1
8419  94755
8420  -1
8421  -1
8422  -1
8423  -1
8424  -1
8425  94756
8426  -1
8427  -1
8428  -1
8429  -1
8430  -1
8431  -1
8432  -1
8433  94757
8434  -1
8435  -1
8436  -1
8437  -1
8438  94758
8439  -1
8440  94759
8441  94760
8442  -1
8443  -1
8444  -1
8445  -1
8446  -1
8447  -1
8448  -1
8449  94761
8450  -1
8451  -1
8452  -1
8453  -1
8454  94762
8455  -1
8456  -1
8457  -1
8458  -1
8459  94763
8460  -1
8461  -1
8462  -1
8463  94764
8464  -1
8465  94765
8466  94766
8467  -1
8468  94767
8469  94768
8470  -1
8471  -1
8472  -1
8473  -1
8474  -1
8475  -1
8476  94769
8477  94770
8478  -1
8479  -1
8480  -1
8481  -1
8482  -1
8483  94771
8484  94772
8485  -1
8486  94773
8487  94774
8488  -1
8489  -1
8490  94775
8491  -1
8492  -1
8493  -1
8494  -1
8495  94776
8496  -1
8497  -1
8498  94777
8499  -1
8500  -1
8501  -1
8502  94778
8503  -1
8504  -1
8505  -1
8506  94779
8507  -1
8508  -1
8509  -1
8510  94780
8511  -1
8512  -1
8513  -1
8514  -1
8515  -1
8516  -1
8517  94781
8518  94782
8519  -1
8520  -1
8521  -1
8522  94783
8523  -1
8524  94784
8525  -1
8526  -1
8527  -1
8528  -1
8529  -1
8530  -1
8531  94785
8532  -1
8533  -1
8534  -1
8535  -1
8536  -1
8537  -1
8538  -1
8539  94786
8540  94787
8541  94788
8542  94789
8543  94790
8544  -1
8545  94791
8546  -1
8547  -1
8548  -1
8549  -1
8550  -1
8551  -1
8552  -1
8553  -1
8554  -1
8555  94792
8556  -1
8557  94793
8558  94794
8559  94795
8560  -1
8561  -1
8562  94796
8563  -1
8564  94797
8565  -1
8566  -1
8567  94798
8568  -1
8569  -1
8570  94799
8571  -1
8572  -1
8573  94800
8574  -1
8575  -1
8576  -1
8577  -1
8578  94801
8579  -1
8580  -1
8581  -1
8582  -1
8583  -1
8584  -1
8585  -1
8586  -1
8587  -1
8588  -1
8589  94802
8590  -1
8591  -1
8592  -1
8593  94803
8594  -1
8595  94804
8596  94805
8597  -1
8598  -1
8599  -1
8600  -1
8601  -1
8602  94806
8603  -1
8604  -1
8605  -1
8606  -1
8607  -1
8608  94807
8609  94808
8610  94809
8611  94810
8612  -1
8613  -1
8614  94811
8615  94812
8616  94813
8617  94814
8618  -1
8619  -1
8620  -1
8621  -1
8622  -1
8623  -1
8624  -1
8625  -1
8626  94815
8627  94816
8628  94817
8629  94818
8630  -1
